study_1000	2619619242	99.6	245	1	0	1	245	1	1312	-1	0
study_10	2534681820	100.0	245	0	0	1	245	1	1487	-1	0
study_1007	2513237338	92.2	245	17	2	1	245	1	1499	-1	0
study_101	649989983	99.6	245	1	0	1	245	1	1545	-1	0
study_1003	2574179786	97.2	246	6	1	1	245	1	1385	-1	0
study_100	2510065016	94.3	245	14	0	1	245	1	1439	-1	0
study_1	2529292749_cluster	100.0	245	0	0	1	245	1	1342	-1	0
study_1011	651285008	100.0	245	0	0	1	245	1	1533	-1	0
study_1004	2597490297	100.0	245	0	0	1	245	1	1510	-1	0
study_1002	644736366	99.2	245	1	1	1	245	1	1501	-1	0
study_102	2558860284	100.0	245	0	0	1	245	1	1429	-1	0
study_1008	2558860923	98.8	246	1	2	1	245	1	1402	-1	0
study_1015	2537561950	99.2	246	0	2	1	245	1	1333	-1	0
study_1005	2516143105	100.0	245	0	0	1	245	1	1420	-1	0
study_1009	2734482253	99.2	245	1	1	1	245	1	1514	-1	0
study_1018	2528768167	99.2	245	2	0	1	245	1	1394	-1	0
study_1001	645951817	100.0	245	0	0	1	245	1	1534	-1	0
study_1021	2627853762	99.6	245	1	0	1	245	1	1543	-1	0
study_1017	2558860923	98.8	245	2	1	1	245	1	1402	-1	0
study_1014	2574179786	96.7	246	7	1	1	245	1	1385	-1	0
study_1022	2513237338	99.2	245	1	1	1	245	1	1499	-1	0
study_1016	2531839279	99.2	245	2	0	1	245	1	1451	-1	0
study_1023	648861006	99.2	245	2	0	1	245	1	1522	-1	0
study_1006	2690315875	99.6	245	1	0	1	245	1	1503	-1	0
study_1010	2513237386	100.0	245	0	0	1	245	1	1537	-1	0
study_1024	2651869761	80.4	245	48	0	1	245	1	1528	-1	0
study_1026	2585427901	100.0	245	0	0	1	245	1	1342	-1	0
study_103	2558309122	98.4	245	4	0	1	245	1	1499	-1	0
study_1020	645951817	100.0	245	0	0	1	245	1	1534	-1	0
study_1027	2593339217	98.4	245	4	0	1	245	1	1390	-1	0
study_1029	2623620526	96.7	245	3	1	1	245	1	1533	-1	0
study_1019	649633043	96.7	245	8	0	1	245	1	1489	-1	0
study_1032	2531839741	98.4	245	4	0	1	245	1	1384	-1	0
study_1025	2600255237	98.8	247	1	2	1	245	1	1512	-1	0
study_1040	2585427812	97.6	245	6	0	1	245	1	1374	-1	0
study_1012	2585427614	85.5	248	33	1	1	245	1	1505	-1	0
study_1031	645058800	99.6	245	0	1	1	245	1	1458	-1	0
study_1035	2541047016	100.0	245	0	0	1	245	1	1507	-1	0
study_1028	2579778737	99.6	245	1	0	1	245	1	1417	-1	0
study_1044	2541046980	92.7	245	17	1	1	245	1	1497	-1	0
study_105	2582580916	100.0	245	0	0	1	245	1	1391	-1	0
study_1045	648276723	100.0	245	0	0	1	245	1	1258	-1	0
study_1047	2519899684	94.3	245	14	0	1	245	1	1387	-1	0
study_1060	2548876509	99.6	245	1	0	1	245	1	1253	-1	0
study_1055	2513237313	99.6	245	1	0	1	245	1	1512	-1	0
study_1052	2600255043	99.6	245	1	0	1	245	1	1512	-1	0
study_1059	2602041616	100.0	245	0	0	1	245	1	1382	-1	0
study_1063	2517572002	100.0	245	0	0	1	245	1	1412	-1	0
study_1054	2537561628	98.0	245	3	2	1	245	1	1455	-1	0
study_107	2512047045_cluster	100.0	245	0	0	1	245	1	1401	-1	0
study_1078	2519899684	95.1	246	10	2	1	245	1	1387	-1	0
study_1073	2537561582	100.0	245	0	0	1	245	1	1268	-1	0
study_1067	2593339213	95.9	245	10	0	1	245	1	1392	-1	0
study_1056	645951831	99.6	245	1	0	1	245	1	1494	-1	0
study_1058	651324039	99.2	245	2	0	1	245	1	1526	-1	0
study_1080	2513237338	99.6	245	1	0	1	245	1	1499	-1	0
study_1069	2585428085	98.8	245	3	0	1	245	1	1392	-1	0
study_1079	649989951	97.1	245	6	1	1	245	1	1303	-1	0
study_1066	2651869858	96.7	245	7	1	1	245	1	1521	-1	0
study_1071	644736367	99.6	245	1	0	1	245	1	1504	-1	0
study_1064	2585427805	97.1	245	7	0	1	245	1	1398	-1	0
study_108	643692019	100.0	245	0	0	1	245	1	1496	-1	0
study_1077	650377970	98.0	245	4	1	1	245	1	1504	-1	0
study_1065	2558860284	99.6	246	0	1	1	245	1	1429	-1	0
study_1081	642791604	100.0	245	0	0	1	245	1	1504	-1	0
study_1038	2537561696	99.2	245	2	0	1	245	1	1311	-1	0
study_1086	2585427901	98.0	245	5	0	1	245	1	1342	-1	0
study_1090	2541046980	99.6	245	0	1	1	245	1	1497	-1	0
study_1098	2534682207	96.7	245	7	1	1	245	1	1499	-1	0
study_1082	645951834	96.3	245	9	0	1	245	1	1511	-1	0
study_1084	2585427908	99.6	245	1	0	1	245	1	1416	-1	0
study_1085	647000290	99.6	246	0	1	1	245	1	1316	-1	0
study_11	649989951	100.0	245	0	0	1	245	1	1303	-1	0
study_1099	2509276051	98.4	245	4	0	1	245	1	1401	-1	0
study_109	648276620	99.2	245	0	2	1	245	1	1389	-1	0
study_1093	2548877151_cluster	93.9	245	14	1	1	245	1	1403	-1	0
study_1094	2558860920	100.0	245	0	0	1	245	1	1395	-1	0
study_110	2541046980	100.0	245	0	0	1	245	1	1497	-1	0
study_1101	2529292879	99.6	245	1	0	1	245	1	1457	-1	0
study_1103	2531839552	98.0	245	5	0	1	245	1	1503	-1	0
study_104	645951833	100.0	245	0	0	1	245	1	1548	-1	0
study_1116	2534681820	99.6	245	1	0	1	245	1	1487	-1	0
study_1105	2671180969	100.0	245	0	0	1	245	1	1532	-1	0
study_1110	2585428085	97.1	245	7	0	1	245	1	1392	-1	0
study_1106	649989970	100.0	245	0	0	1	245	1	1515	-1	0
study_1113	2630968585_cluster	100.0	245	0	0	1	245	1	1526	-1	0
study_111	2740892381	97.1	245	7	0	1	245	1	1518	-1	0
study_1109	650377965	100.0	245	0	0	1	245	1	1504	-1	0
study_1114	2574179727	99.2	246	1	1	1	245	1	1341	-1	0
study_1115	2562617187	99.6	246	0	1	1	245	1	1525	-1	0
study_1041	2558860988	91.5	246	18	2	1	245	1	1281	-1	0
study_1112	2684623119	98.4	245	4	0	1	245	1	1511	-1	0
study_1121	2751185836	98.8	245	3	0	1	245	1	1516	-1	0
study_1117	2512047049	99.6	245	0	1	1	245	1	1318	-1	0
study_1118	2512047053	98.8	246	1	2	1	245	1	1370	-1	0
study_112	648861015	99.6	245	1	0	1	245	1	1403	-1	0
study_1034	2718217940	99.2	246	1	1	1	245	1	1552	-1	0
study_1123	648276620	98.0	245	4	1	1	245	1	1389	-1	0
study_1129	2541046980	99.6	245	1	0	1	245	1	1497	-1	0
study_1130	2600255237	98.8	245	3	0	1	245	1	1512	-1	0
study_1127	2545555826	99.6	245	0	1	1	245	1	1392	-1	0
study_1125	2606217777_cluster	93.5	245	16	0	1	245	1	1302	-1	0
study_1128	650377966	99.2	245	2	0	1	245	1	1393	-1	0
study_1126	2593339145	89.4	246	25	1	1	245	1	1316	-1	0
study_1132	2585427699	99.6	245	0	1	1	245	1	1396	-1	0
study_1134	651324039	99.2	245	2	0	1	245	1	1526	-1	0
study_1136	2740892381	98.8	247	1	1	1	245	1	1518	-1	0
study_1137	2561511233	87.8	245	29	1	1	245	1	1392	-1	0
study_1138	640753039	81.2	245	42	1	1	245	1	1485	-1	0
study_1141	2713896879	100.0	245	0	0	1	245	1	1521	-1	0
study_1143	2531839303	100.0	245	0	0	1	245	1	1511	-1	0
study_114	642791613	100.0	245	0	0	1	245	1	1512	-1	0
study_1142	2529292932	99.6	245	1	0	1	245	1	1512	-1	0
study_1146	2513237274	91.8	245	17	1	1	245	1	1501	-1	0
study_1148	2585427834	92.7	245	16	1	1	245	1	1399	-1	0
study_1145	651324056	98.4	245	3	1	1	245	1	1502	-1	0
study_1149	644736366	94.3	246	13	1	1	245	1	1501	-1	0
study_1150	2558860927	99.2	245	0	1	1	245	1	1458	-1	0
study_1152	2509601035	98.4	246	2	2	1	245	1	1411	-1	0
study_1155	2515154159_cluster	100.0	245	0	0	1	245	1	1416	-1	0
study_1153	2534682207	97.6	245	6	0	1	245	1	1499	-1	0
study_1156	2513237269	100.0	245	0	0	1	245	1	1491	-1	0
study_116	2585427867	100.0	245	0	0	1	245	1	1409	-1	0
study_1158	650377947	98.8	246	2	1	1	245	1	1420	-1	0
study_1160	649989950	99.2	246	0	2	1	245	1	1330	-1	0
study_1161	2619619242	99.6	245	1	0	1	245	1	1312	-1	0
study_1162	2517572001	100.0	245	0	0	1	245	1	1475	-1	0
study_1164	648861010	99.6	245	1	0	1	245	1	1421	-1	0
study_1168	2585427907	97.6	245	6	0	1	245	1	1300	-1	0
study_1039	2540341191	98.8	245	3	0	1	245	1	1405	-1	0
study_1171	2579778661	99.2	245	2	0	1	245	1	1263	-1	0
study_1172	2523533595	75.6	246	59	1	1	245	1	1410	-1	0
study_1170	2558860284	99.6	245	0	1	1	245	1	1429	-1	0
study_117	648276634	99.6	245	0	1	1	245	1	1507	-1	0
study_1169	2513020024_cluster	99.6	245	1	0	1	245	1	1413	-1	0
study_1173	645951817	100.0	245	0	0	1	245	1	1534	-1	0
study_1174	648861015	95.1	245	12	0	1	245	1	1403	-1	0
study_1175	2534682104_cluster	92.2	245	18	1	1	245	1	1508	-1	0
study_1177	645951840	96.7	245	7	1	1	245	1	1511	-1	0
study_1180	2547132153	99.6	245	1	0	1	245	1	1417	-1	0
study_1181	2734482253	98.8	246	1	2	1	245	1	1514	-1	0
study_1185	2593339213	94.7	245	13	0	1	245	1	1392	-1	0
study_1182	648276634	98.8	246	1	2	1	245	1	1507	-1	0
study_1184	2524614677	82.0	250	40	1	1	245	1	1319	-1	0
study_1188	2540341165	99.6	245	1	0	1	245	1	1465	-1	0
study_1187	2541047016	100.0	245	0	0	1	245	1	1507	-1	0
study_1189	2537561696	97.6	245	5	1	1	245	1	1311	-1	0
study_1191	641736169	99.6	245	0	1	1	245	1	1392	-1	0
study_1190	2585428085	98.4	245	4	0	1	245	1	1392	-1	0
study_1192	2517572005	94.7	245	11	2	1	245	1	1338	-1	0
study_1194	2585428085	93.9	245	15	0	1	245	1	1392	-1	0
study_1195	2512047062	91.4	245	20	1	1	245	1	1505	-1	0
study_1197	641736113	100.0	245	0	0	1	245	1	1489	-1	0
study_1013	2660238575	78.0	245	53	1	1	245	1	1529	-1	0
study_120	2724679383	99.6	245	1	0	1	245	1	1368	-1	0
study_12	2512047053	100.0	245	0	0	1	245	1	1370	-1	0
study_1200	644736366	99.2	245	1	1	1	245	1	1501	-1	0
study_1201	2509276067	87.8	245	26	2	1	245	1	1415	-1	0
study_1204	649633044	87.0	246	31	1	1	245	1	1498	-1	0
study_1030	650377947	98.8	245	3	0	1	245	1	1420	-1	0
study_1203	2562617183	99.2	245	2	0	1	245	1	1502	-1	0
study_1036	2558860287	98.8	245	3	0	1	245	1	1498	-1	0
study_1072	2541047016	100.0	245	0	0	1	245	1	1507	-1	0
study_1053	2562617079	96.7	245	7	1	1	245	1	1489	-1	0
study_1033	2728369265	95.5	245	10	1	1	245	1	1513	-1	0
study_1207	2643221920	95.5	245	11	0	1	245	1	1514	-1	0
study_1209	2558860927	100.0	245	0	0	1	245	1	1458	-1	0
study_1208	2541047092	100.0	245	0	0	1	245	1	1521	-1	0
study_1210	645951848	99.2	245	0	1	1	245	1	1487	-1	0
study_121	2585428085	97.6	245	6	0	1	245	1	1392	-1	0
study_1062	645951840	97.6	245	6	0	1	245	1	1511	-1	0
study_1088	649989999	98.8	246	2	1	1	245	1	1502	-1	0
study_1070	650377947	100.0	245	0	0	1	245	1	1420	-1	0
study_1212	645951802	99.6	245	1	0	1	245	1	1535	-1	0
study_1075	2675903696	100.0	245	0	0	1	245	1	1543	-1	0
study_1211	642791613	96.7	246	6	2	1	245	1	1512	-1	0
study_1213	644736367	99.6	245	1	0	1	245	1	1504	-1	0
study_1068	2540341165	98.8	245	3	0	1	245	1	1465	-1	0
study_1096	2585427811	96.7	245	8	0	1	245	1	1399	-1	0
study_1074	2534682104_cluster	95.9	245	10	0	1	245	1	1508	-1	0
study_1049	2510065016	93.5	245	16	0	1	245	1	1439	-1	0
study_1083	2593339157	95.1	245	11	1	1	245	1	1396	-1	0
study_1087	2630968585_cluster	84.5	245	34	1	1	245	1	1526	-1	0
study_1037	649990021	100.0	245	0	0	1	245	1	1520	-1	0
study_1214	2667527550	100.0	245	0	0	1	245	1	1516	-1	0
study_1217	2541046975	92.7	245	18	0	1	245	1	1534	-1	0
study_1092	641736196	89.8	245	25	0	1	245	1	1511	-1	0
study_1218	2523231011	99.6	245	1	0	1	245	1	1412	-1	0
study_1219	2700989328	89.0	246	26	1	1	245	1	1528	-1	0
study_1215	2548876509	100.0	245	0	0	1	245	1	1253	-1	0
study_1216	2531839552	99.2	245	1	1	1	245	1	1503	-1	0
study_122	2558860923	99.2	245	1	1	1	245	1	1402	-1	0
study_1221	2534681820	100.0	245	0	0	1	245	1	1487	-1	0
study_1220	644736366	100.0	245	0	0	1	245	1	1501	-1	0
study_1224	2744054994	99.2	245	2	0	1	245	1	1518	-1	0
study_1223	2585427614	97.2	246	6	1	1	245	1	1505	-1	0
study_1225	2540341191	95.5	245	11	0	1	245	1	1405	-1	0
study_1222	2513237313	91.8	245	20	0	1	245	1	1512	-1	0
study_1227	643886116	99.6	245	0	1	1	245	1	1504	-1	0
study_1226	2556921676	85.9	249	31	1	1	245	1	1374	-1	0
study_123	2740892377	100.0	245	0	0	1	245	1	1279	-1	0
study_1230	2675903629	98.0	245	4	1	1	245	1	1370	-1	0
study_1100	2562617099	99.6	245	1	0	1	245	1	1489	-1	0
study_1236	2509276051	95.5	245	11	0	1	245	1	1401	-1	0
study_1233	2636415718	100.0	245	0	0	1	245	1	1403	-1	0
study_1238	2540341165	97.6	245	2	1	1	245	1	1465	-1	0
study_1237	2537561628	98.4	245	4	0	1	245	1	1455	-1	0
study_1239	2593339213	95.5	245	11	0	1	245	1	1392	-1	0
study_1241	647000290	99.6	245	0	1	1	245	1	1316	-1	0
study_1240	2623620486	97.1	245	6	1	1	245	1	1520	-1	0
study_1246	2585427907	95.9	246	9	1	1	245	1	1300	-1	0
study_1244	2585428083	97.6	246	4	2	1	245	1	1259	-1	0
study_1107	2562617177_cluster	99.6	245	0	1	1	245	1	1534	-1	0
study_1245	2651869868	98.0	245	3	1	1	245	1	1520	-1	0
study_1243	2734481903	100.0	245	0	0	1	245	1	1561	-1	0
study_1119	2627853624	100.0	245	0	0	1	245	1	1528	-1	0
study_1247	651324089	99.6	245	1	0	1	245	1	1512	-1	0
study_125	2556921672	99.6	245	1	0	1	245	1	1397	-1	0
study_1102	2609460018	99.6	246	0	1	1	245	1	1538	-1	0
study_1248	2684623233	98.8	245	3	0	1	245	1	1512	-1	0
study_1249	645951829	98.4	245	4	0	1	245	1	1505	-1	0
study_1111	2585427901	99.2	245	2	0	1	245	1	1342	-1	0
study_1048	643886148_cluster	84.1	245	35	1	1	245	1	1469	-1	0
study_1229	2515154176	95.5	245	10	1	1	245	1	1393	-1	0
study_1250	649989951	99.6	245	1	0	1	245	1	1303	-1	0
study_1091	2513237275	98.0	245	5	0	1	245	1	1421	-1	0
study_1252	641736271	95.9	245	10	0	1	245	1	1480	-1	0
study_1260	650633000	98.0	245	5	0	1	245	1	1495	-1	0
study_1256	2513237280	98.8	245	2	1	1	245	1	1509	-1	0
study_1257	2558860128	98.4	245	4	0	1	245	1	1349	-1	0
study_126	647000260	100.0	245	0	0	1	245	1	1420	-1	0
study_1259	2585428116	98.4	245	4	0	1	245	1	1396	-1	0
study_124	643692019	100.0	245	0	0	1	245	1	1496	-1	0
study_1269	2593339167	55.5	245	95	2	1	245	1	1253	-1	0
study_1266	2740892381	97.1	245	6	1	1	245	1	1518	-1	0
study_1262	2558860128	97.6	245	5	1	1	245	1	1349	-1	0
study_1255	2713896879	98.8	245	2	1	1	245	1	1521	-1	0
study_1057	2582581266	78.4	269	34	1	1	245	1	1410	-1	0
study_1261	2547132035	100.0	245	0	0	1	245	1	1402	-1	0
study_1253	648861015	95.5	245	11	0	1	245	1	1403	-1	0
study_1061	2574179786	96.3	245	9	0	1	245	1	1385	-1	0
study_106	651324039	98.4	245	4	0	1	245	1	1526	-1	0
study_1264	2513237275	97.1	245	6	1	1	245	1	1421	-1	0
study_1267	2551306135	99.2	245	2	0	1	245	1	1413	-1	0
study_1139	2558860286	97.6	245	6	0	1	245	1	1469	-1	0
study_1263	2600255237	99.6	246	0	1	1	245	1	1512	-1	0
study_1275	2585427907	96.3	245	9	0	1	245	1	1300	-1	0
study_1276	2518645604	99.2	245	1	1	1	245	1	1406	-1	0
study_1271	2537561628	99.2	245	2	0	1	245	1	1455	-1	0
study_1274	2731957695	100.0	245	0	0	1	245	1	1261	-1	0
study_1277	2740892381	96.7	245	8	0	1	245	1	1518	-1	0
study_1279	645951834	96.7	245	8	0	1	245	1	1511	-1	0
study_1278	2558860927	99.2	246	1	1	1	245	1	1458	-1	0
study_128	2562617187	92.7	245	18	0	1	245	1	1525	-1	0
study_1281	2593339213	95.9	245	10	0	1	245	1	1392	-1	0
study_1284	2507262051	93.1	245	16	1	1	245	1	1350	-1	0
study_1287	2531839472	98.8	245	3	0	1	245	1	1539	-1	0
study_1289	2562617183	99.2	245	1	1	1	245	1	1502	-1	0
study_1282	2562617160	99.6	245	1	0	1	245	1	1504	-1	0
study_1294	2562617188	98.8	245	3	0	1	245	1	1505	-1	0
study_1288	2540341165	98.0	245	3	1	1	245	1	1465	-1	0
study_1291	2600255043	99.6	245	1	0	1	245	1	1512	-1	0
study_1296	2565956591	90.2	245	23	1	1	245	1	1413	-1	0
study_1293	2534682104_cluster	91.4	245	21	0	1	245	1	1508	-1	0
study_1286	2728369265	95.5	245	11	0	1	245	1	1513	-1	0
study_1298	2579778709	94.3	247	12	2	1	245	1	1418	-1	0
study_1297	2534682104_cluster	91.1	246	21	1	1	245	1	1508	-1	0
study_1299	2574179727	99.2	246	1	1	1	245	1	1341	-1	0
study_130	650377965	100.0	245	0	0	1	245	1	1504	-1	0
study_1301	2593339167	55.9	245	94	2	1	245	1	1253	-1	0
study_1300	2734481901	80.3	249	45	1	1	245	1	1522	-1	0
study_1302	2558860359	90.6	245	23	0	1	245	1	1501	-1	0
study_1303	2593339213	94.3	245	13	1	1	245	1	1392	-1	0
study_1042	2684622655	100.0	245	0	0	1	245	1	1294	-1	0
study_1124	2513237267	94.3	245	14	0	1	245	1	1512	-1	0
study_1306	647533197	87.3	245	30	1	1	245	1	1415	-1	0
study_1309	2558860355	99.6	246	0	1	1	245	1	1527	-1	0
study_1307	2531839552	96.7	245	8	0	1	245	1	1503	-1	0
study_1305	2517572240	100.0	245	0	0	1	245	1	1393	-1	0
study_1304	2540341165	99.6	245	1	0	1	245	1	1465	-1	0
study_1108	649989971	99.6	245	1	0	1	245	1	1538	-1	0
study_1311	649989957	99.6	245	1	0	1	245	1	1500	-1	0
study_1097	2509276067	87.3	245	27	2	1	245	1	1415	-1	0
study_1308	2593339213	96.3	245	9	0	1	245	1	1392	-1	0
study_1104	2751185572	90.6	245	23	0	1	245	1	1483	-1	0
study_1089	2563366504	97.6	245	6	0	1	245	1	1392	-1	0
study_1133	2585428190	93.5	245	16	0	1	245	1	1277	-1	0
study_1313	2515154176	88.3	248	26	1	1	245	1	1393	-1	0
study_115	2512047049	100.0	245	0	0	1	245	1	1318	-1	0
study_1310	2537562180	99.6	245	1	0	1	245	1	1527	-1	0
study_1120	2588254083	99.2	245	2	0	1	245	1	1505	-1	0
study_1312	2606217777_cluster	91.6	249	17	1	1	245	1	1302	-1	0
study_1314	2551306135	99.2	245	2	0	1	245	1	1413	-1	0
study_1050	651324023	100.0	245	0	0	1	245	1	1518	-1	0
study_1051	645951817	100.0	245	0	0	1	245	1	1534	-1	0
study_1316	2558860395	99.6	245	0	1	1	245	1	1503	-1	0
study_1315	2684623119	98.0	245	5	0	1	245	1	1511	-1	0
study_1043	651324034	99.6	245	1	0	1	245	1	1514	-1	0
study_1319	2690315875	93.1	245	17	0	1	245	1	1503	-1	0
study_1318	642979360	98.4	245	3	1	1	245	1	1521	-1	0
study_1322	2537561962	99.6	246	0	1	1	245	1	1539	-1	0
study_1323	2540341191	98.8	245	3	0	1	245	1	1405	-1	0
study_1320	2582580727	95.1	246	11	1	1	245	1	1285	-1	0
study_1144	2537561582	100.0	245	0	0	1	245	1	1268	-1	0
study_1327	2515154176	99.2	245	2	0	1	245	1	1393	-1	0
study_1328	649989989	98.8	245	3	0	1	245	1	1427	-1	0
study_1332	2534682104_cluster	91.9	246	18	2	1	245	1	1508	-1	0
study_1325	641380442	83.1	249	38	1	1	245	1	1486	-1	0
study_1076	649633093	99.6	245	1	0	1	245	1	1510	-1	0
study_1321	2512047060	99.6	246	0	1	1	245	1	1537	-1	0
study_1330	2558860286	100.0	245	0	0	1	245	1	1469	-1	0
study_133	2585428022	98.8	245	3	0	1	245	1	1337	-1	0
study_1339	649989989	99.6	245	0	1	1	245	1	1427	-1	0
study_1335	645951848	98.8	246	0	2	1	245	1	1487	-1	0
study_1329	2600255237	99.6	245	1	0	1	245	1	1512	-1	0
study_1338	2551306135	99.6	245	1	0	1	245	1	1413	-1	0
study_134	2600254991	99.2	245	2	0	1	245	1	1510	-1	0
study_1341	643886193	99.2	247	0	2	1	245	1	1527	-1	0
study_1334	2675903629	98.8	245	3	0	1	245	1	1370	-1	0
study_1340	2593339156	99.6	245	0	1	1	245	1	1253	-1	0
study_1342	2595698228	98.0	245	5	0	1	245	1	1385	-1	0
study_1343	2506381007	98.4	245	2	1	1	245	1	1415	-1	0
study_1326	2585427901	98.4	245	4	0	1	245	1	1342	-1	0
study_1345	2600255043	100.0	245	0	0	1	245	1	1512	-1	0
study_1346	647533197	95.9	245	10	0	1	245	1	1415	-1	0
study_1351	2619618878	86.5	245	30	1	1	245	1	1483	-1	0
study_1347	644736384	99.6	245	1	0	1	245	1	1503	-1	0
study_1350	643886203	99.6	245	0	1	1	245	1	1422	-1	0
study_1348	2517572002	98.8	245	3	0	1	245	1	1412	-1	0
study_1349	2509276067	86.9	245	28	1	1	245	1	1415	-1	0
study_1354	2565956591	90.6	245	23	0	1	245	1	1413	-1	0
study_1358	649989958_cluster	99.6	245	0	1	1	245	1	1503	-1	0
study_1352	645951819	98.4	246	3	1	1	245	1	1520	-1	0
study_135	2529292749_cluster	100.0	245	0	0	1	245	1	1342	-1	0
study_1357	2537561617	99.6	245	1	0	1	245	1	1526	-1	0
study_136	2548876509	100.0	245	0	0	1	245	1	1253	-1	0
study_1360	2593339217	89.4	246	24	2	1	245	1	1390	-1	0
study_1359	2519899684	100.0	245	0	0	1	245	1	1387	-1	0
study_1362	2585427819	98.4	246	3	1	1	245	1	1394	-1	0
study_1367	2563367172	96.3	245	9	0	1	245	1	1490	-1	0
study_1366	649989951	95.9	245	10	0	1	245	1	1303	-1	0
study_1368	2534682104_cluster	91.1	247	20	2	1	245	1	1508	-1	0
study_1365	2690315875	97.6	245	6	0	1	245	1	1503	-1	0
study_137	642979351	99.2	245	2	0	1	245	1	1298	-1	0
study_1371	2561511233	87.3	245	30	1	1	245	1	1392	-1	0
study_1370	2513237313	98.8	245	3	0	1	245	1	1512	-1	0
study_1372	2556921048	98.8	245	3	0	1	245	1	1372	-1	0
study_1373	643886193	99.6	245	0	1	1	245	1	1527	-1	0
study_1377	648276676	99.6	245	1	0	1	245	1	1276	-1	0
study_1376	647533114	99.2	246	0	2	1	245	1	1414	-1	0
study_1379	2515154176	97.1	245	7	0	1	245	1	1393	-1	0
study_1375	2588254069	99.2	246	0	2	1	245	1	1509	-1	0
study_1380	2593339213	93.1	245	17	0	1	245	1	1392	-1	0
study_1383	2512047036	100.0	245	0	0	1	245	1	1445	-1	0
study_1369	2541046975	100.0	245	0	0	1	245	1	1534	-1	0
study_1385	2519899684	95.5	247	9	1	1	245	1	1387	-1	0
study_1384	2534682104_cluster	91.5	246	20	1	1	245	1	1508	-1	0
study_1386	2524023202	100.0	245	0	0	1	245	1	1423	-1	0
study_1387	2537561628	95.1	246	11	1	1	245	1	1455	-1	0
study_1179	2524614855	89.4	245	26	0	1	245	1	1434	-1	0
study_1388	642979351	99.2	245	1	1	1	245	1	1298	-1	0
study_139	2513237375	98.0	245	2	1	1	245	1	1515	-1	0
study_1390	649990026	93.5	247	13	2	1	245	1	1532	-1	0
study_1392	2513237338	98.4	245	4	0	1	245	1	1499	-1	0
study_1389	2523231011	99.6	245	1	0	1	245	1	1412	-1	0
study_1391	2627854161	100.0	245	0	0	1	245	1	1443	-1	0
study_1393	2562617177_cluster	99.6	245	1	0	1	245	1	1534	-1	0
study_1395	2599185205	98.8	245	3	0	1	245	1	1350	-1	0
study_118	2512047049	98.0	245	4	1	1	245	1	1318	-1	0
study_1396	648861006	99.6	245	1	0	1	245	1	1522	-1	0
study_1397	2718218404	97.6	245	6	0	1	245	1	1522	-1	0
study_1131	643692002	87.1	248	29	1	1	245	1	1498	-1	0
study_1151	2512047052	98.4	245	2	1	1	245	1	1411	-1	0
study_1295	648276634	98.4	245	2	2	1	245	1	1507	-1	0
study_1046	2524614880	81.5	248	43	1	1	245	1	1414	-1	0
study_1399	647533114	99.2	246	1	1	1	245	1	1414	-1	0
study_1404	2636415511	98.8	245	3	0	1	245	1	1515	-1	0
study_1165	2558860927	98.8	246	0	2	1	245	1	1458	-1	0
study_1406	2565956597	99.6	245	1	0	1	245	1	1417	-1	0
study_1409	2597490300	98.8	245	3	0	1	245	1	1440	-1	0
study_1408	651324054	100.0	245	0	0	1	245	1	1506	-1	0
study_1402	643886148_cluster	99.6	245	1	0	1	245	1	1469	-1	0
study_1407	2744054920	99.2	246	1	1	1	245	1	1543	-1	0
study_1401	2728369265	95.5	245	11	0	1	245	1	1513	-1	0
study_1410	645951824	99.6	245	0	1	1	245	1	1517	-1	0
study_1167	649989970	98.4	245	2	2	1	245	1	1515	-1	0
study_140	2513237338	99.6	245	1	0	1	245	1	1499	-1	0
study_1154	2585428085	97.6	245	6	0	1	245	1	1392	-1	0
study_1405	2537561582	100.0	245	0	0	1	245	1	1268	-1	0
study_1400	2512047053	88.6	245	24	1	1	245	1	1370	-1	0
study_141	2740892377	100.0	245	0	0	1	245	1	1279	-1	0
study_1413	2563367173	90.6	245	20	3	1	245	1	1499	-1	0
study_1414	2537561628	98.4	245	3	1	1	245	1	1455	-1	0
study_1416	2513237280	98.4	245	3	1	1	245	1	1509	-1	0
study_1415	2600255237	99.6	245	1	0	1	245	1	1512	-1	0
study_113	2523533622	99.6	245	1	0	1	245	1	1428	-1	0
study_1418	2537561844	100.0	245	0	0	1	245	1	1483	-1	0
study_1176	2597490298	89.8	245	25	0	1	245	1	1521	-1	0
study_1122	2718218191	95.1	245	11	1	1	245	1	1533	-1	0
study_1140	2541047092	98.8	245	3	0	1	245	1	1521	-1	0
study_1147	647533197	99.6	245	0	1	1	245	1	1415	-1	0
study_1178	2617271208	98.8	245	2	1	1	245	1	1524	-1	0
study_1423	2593339145	90.7	248	20	1	1	245	1	1316	-1	0
study_1424	2551306135	99.6	245	1	0	1	245	1	1413	-1	0
study_1425	2751185876	92.7	246	17	1	1	245	1	1517	-1	0
study_1427	2531839279	99.2	245	2	0	1	245	1	1451	-1	0
study_1420	2627853625	100.0	245	0	0	1	245	1	1394	-1	0
study_142	644736367	99.6	245	0	1	1	245	1	1504	-1	0
study_1421	649633043	95.9	245	10	0	1	245	1	1489	-1	0
study_1202	2531839741	98.4	245	4	0	1	245	1	1384	-1	0
study_1426	2506520025	85.9	248	32	1	1	245	1	1418	-1	0
study_1157	2524614855	100.0	245	0	0	1	245	1	1434	-1	0
study_1428	2540341191	99.2	245	2	0	1	245	1	1405	-1	0
study_1193	645951833	100.0	245	0	0	1	245	1	1548	-1	0
study_1429	2521172696	98.8	245	3	0	1	245	1	1542	-1	0
study_1430	2574179786	96.3	246	8	1	1	245	1	1385	-1	0
study_1432	645951848	99.2	245	0	1	1	245	1	1487	-1	0
study_1434	2512047049	100.0	196	0	0	1	245	1	1318	-1	0
study_1433	2654587520	100.0	245	0	0	1	245	1	1541	-1	0
study_143	2509887034	92.7	245	18	0	1	245	1	1403	-1	0
study_1435	2558860355	100.0	245	0	0	1	245	1	1527	-1	0
study_1437	642979337	100.0	245	0	0	1	245	1	1503	-1	0
study_1438	643886203	99.2	245	2	0	1	245	1	1422	-1	0
study_1439	2693429689	97.6	245	5	1	1	245	1	1509	-1	0
study_1436	651324005	98.8	245	3	0	1	245	1	1537	-1	0
study_1443	2531839741	99.2	245	2	0	1	245	1	1384	-1	0
study_1461	2540341191	99.6	245	1	0	1	245	1	1405	-1	0
study_1453	2634166451	92.3	247	17	2	1	245	1	1511	-1	0
study_1163	651324056	100.0	245	0	0	1	245	1	1502	-1	0
study_146	645058770	100.0	245	0	0	1	245	1	1538	-1	0
study_1159	2718218191	97.6	245	5	1	1	245	1	1533	-1	0
study_1186	642979337	94.7	245	12	1	1	245	1	1503	-1	0
study_1464	2724679129	91.8	245	20	0	1	245	1	1541	-1	0
study_1448	2585427901	98.0	246	4	1	1	245	1	1342	-1	0
study_1447	2548876979	97.6	245	6	0	1	245	1	1320	-1	0
study_1462	651285008	100.0	245	0	0	1	245	1	1533	-1	0
study_1463	645951848	98.8	246	0	2	1	245	1	1487	-1	0
study_1465	2517572213	99.6	245	0	1	1	245	1	1414	-1	0
study_1466	2523231020	99.2	245	1	1	1	245	1	1412	-1	0
study_144	649989971	100.0	245	0	0	1	245	1	1538	-1	0
study_1445	640753039	95.5	245	10	1	1	245	1	1485	-1	0
study_1441	2713896879	97.6	246	4	2	1	245	1	1521	-1	0
study_1444	2531839303	89.0	245	24	1	1	245	1	1511	-1	0
study_1446	648861015	96.3	245	9	0	1	245	1	1403	-1	0
study_1452	2540341191	100.0	245	0	0	1	245	1	1405	-1	0
study_1451	2512047049	97.6	246	4	2	1	245	1	1318	-1	0
study_1442	2562617183	95.6	248	8	1	1	245	1	1502	-1	0
study_1455	2563366730	85.7	251	30	1	1	245	1	1387	-1	0
study_1458	2579778709	93.5	245	16	0	1	245	1	1418	-1	0
study_1456	2537561582	100.0	245	0	0	1	245	1	1268	-1	0
study_1459	2529292932	84.5	245	34	1	1	245	1	1512	-1	0
study_1460	2663763214	99.6	245	1	0	1	245	1	1300	-1	0
study_1449	649989950	98.8	246	1	2	1	245	1	1330	-1	0
study_1450	2684623233	98.4	245	4	0	1	245	1	1512	-1	0
study_1467	2593339145	100.0	245	0	0	1	245	1	1316	-1	0
study_1468	2565956508	83.2	250	37	1	1	245	1	1365	-1	0
study_1469	649989958_cluster	100.0	245	0	0	1	245	1	1503	-1	0
study_1471	2518645604	99.2	245	0	2	1	245	1	1406	-1	0
study_1481	2537561962	98.8	245	3	0	1	245	1	1539	-1	0
study_1482	2718218191	91.0	245	21	1	1	245	1	1533	-1	0
study_1476	2534681746	98.8	246	1	2	1	245	1	1453	-1	0
study_1479	2509276067	82.9	245	38	1	1	245	1	1415	-1	0
study_1485	2561511033	87.0	246	30	2	1	245	1	1377	-1	0
study_1496	2585427909	92.2	245	19	0	1	245	1	1412	-1	0
study_1484	651324074	99.6	245	1	0	1	245	1	1527	-1	0
study_149	2534682207	97.1	245	7	0	1	245	1	1499	-1	0
study_1478	643886203	99.2	245	2	0	1	245	1	1422	-1	0
study_1494	2728369265	95.9	245	9	1	1	245	1	1513	-1	0
study_1490	643692019	93.1	245	17	0	1	245	1	1496	-1	0
study_1489	648028051	99.6	245	0	1	1	245	1	1472	-1	0
study_1495	2627853814	97.2	247	5	2	1	245	1	1426	-1	0
study_1488	2744054554	93.5	245	13	1	1	245	1	1529	-1	0
study_1493	2721755613	98.4	245	4	0	1	245	1	1517	-1	0
study_1480	643886019	100.0	245	0	0	1	245	1	1420	-1	0
study_1470	2713896879	100.0	245	0	0	1	245	1	1521	-1	0
study_1475	2585428085	95.9	245	10	0	1	245	1	1392	-1	0
study_1473	2513237338	92.2	245	18	1	1	245	1	1499	-1	0
study_1231	643692019	100.0	245	0	0	1	245	1	1496	-1	0
study_1492	2513237280	99.6	245	0	1	1	245	1	1509	-1	0
study_1228	2585427902	86.6	246	31	2	1	245	1	1409	-1	0
study_1497	2541047009	93.9	245	15	0	1	245	1	1520	-1	0
study_1199	2690315875	97.6	245	6	0	1	245	1	1503	-1	0
study_1242	647533179	100.0	245	0	0	1	245	1	1428	-1	0
study_1196	651324056	93.9	246	13	2	1	245	1	1502	-1	0
study_147	2513237341	99.6	245	1	0	1	245	1	1534	-1	0
study_119	2713896879	98.0	246	4	1	1	245	1	1521	-1	0
study_1499	643886116	100.0	245	0	0	1	245	1	1504	-1	0
study_15	2558860395	100.0	245	0	0	1	245	1	1503	-1	0
study_1498	2639762831	95.5	246	10	1	1	245	1	1517	-1	0
study_1477	2513237123	94.8	248	10	2	1	245	1	1404	-1	0
study_1502	650377965	95.5	246	9	2	1	245	1	1504	-1	0
study_1500	645058770	99.6	245	1	0	1	245	1	1538	-1	0
study_150	2558860920	100.0	245	0	0	1	245	1	1395	-1	0
study_1503	2585427907	97.1	245	7	0	1	245	1	1300	-1	0
study_1505	2588253511	93.1	245	17	0	1	245	1	1356	-1	0
study_1506	650377970	99.6	245	1	0	1	245	1	1504	-1	0
study_1501	2563366730	87.9	247	28	2	1	245	1	1387	-1	0
study_151	2574179786	96.7	246	7	1	1	245	1	1385	-1	0
study_1504	2595698239	87.1	249	28	2	1	245	1	1392	-1	0
study_1507	2585428085	97.1	245	7	0	1	245	1	1392	-1	0
study_1508	2565956546	93.1	245	17	0	1	245	1	1495	-1	0
study_1509	2585428085	96.7	245	8	0	1	245	1	1392	-1	0
study_1511	649989989	98.4	245	4	0	1	245	1	1427	-1	0
study_1512	2529292932	99.6	245	1	0	1	245	1	1512	-1	0
study_1513	2517572001	94.7	245	13	0	1	245	1	1475	-1	0
study_1510	644736366	98.8	245	3	0	1	245	1	1501	-1	0
study_1514	645951802	99.2	246	1	1	1	245	1	1535	-1	0
study_1517	2548876788	91.0	245	21	1	1	245	1	1414	-1	0
study_1516	2593339146	98.8	245	3	0	1	245	1	1277	-1	0
study_1519	2574179786	96.7	246	7	1	1	245	1	1385	-1	0
study_1265	2718218191	94.7	245	12	1	1	245	1	1533	-1	0
study_1518	2576861570	99.6	245	1	0	1	245	1	1498	-1	0
study_1515	649989989	99.6	245	0	1	1	245	1	1427	-1	0
study_1483	2574179786	95.9	245	10	0	1	245	1	1385	-1	0
study_1235	650377947	99.2	246	1	1	1	245	1	1420	-1	0
study_1523	2537561582	98.4	247	2	1	1	245	1	1268	-1	0
study_1521	2593339221	97.6	245	6	0	1	245	1	1396	-1	0
study_1524	2565956824	100.0	245	0	0	1	245	1	1495	-1	0
study_127	649633078	100.0	245	0	0	1	245	1	1504	-1	0
study_1527	2531839741	98.0	245	5	0	1	245	1	1384	-1	0
study_1272	644736366	100.0	245	0	0	1	245	1	1501	-1	0
study_1520	2623620527	100.0	245	0	0	1	245	1	1511	-1	0
study_1528	2718218191	93.9	245	14	1	1	245	1	1533	-1	0
study_1526	2540341165	98.8	245	3	0	1	245	1	1465	-1	0
study_1529	2597490368	89.4	245	26	0	1	245	1	1428	-1	0
study_153	2636415511	100.0	245	0	0	1	245	1	1515	-1	0
study_1234	648276723	96.7	245	8	0	1	245	1	1258	-1	0
study_1531	2534682104_cluster	91.8	245	20	0	1	245	1	1508	-1	0
study_1530	2576861570	98.8	245	3	0	1	245	1	1498	-1	0
study_1525	2534682104_cluster	90.2	246	23	1	1	245	1	1508	-1	0
study_1533	2537561577	99.6	245	1	0	1	245	1	1512	-1	0
study_13	2571042594	100.0	245	0	0	1	245	1	1428	-1	0
study_1254	2616645020	89.0	245	27	0	1	245	1	1553	-1	0
study_1535	2713896879	95.5	246	10	1	1	245	1	1521	-1	0
study_154	2512047053	100.0	245	0	0	1	245	1	1370	-1	0
study_1534	2537561628	98.4	245	3	1	1	245	1	1455	-1	0
study_1536	2548877156	90.2	246	23	1	1	245	1	1527	-1	0
study_1532	2529293168	89.8	246	24	1	1	245	1	1344	-1	0
study_1537	643886197	98.8	245	3	0	1	245	1	1514	-1	0
study_1474	2513237338	91.8	245	17	3	1	245	1	1499	-1	0
study_1538	2654587742	95.9	245	7	2	1	245	1	1512	-1	0
study_1539	2507262051	92.7	245	16	2	1	245	1	1350	-1	0
study_1541	2534682104_cluster	89.9	247	22	3	1	245	1	1508	-1	0
study_1546	2503754051	86.6	247	26	2	1	245	1	1414	-1	0
study_1542	2558309012	88.2	245	28	1	1	245	1	1395	-1	0
study_1543	2574179786	96.3	246	8	1	1	245	1	1385	-1	0
study_1544	2562617160	99.6	246	0	1	1	245	1	1504	-1	0
study_1540	2513237245	100.0	245	0	0	1	245	1	1426	-1	0
study_1545	2574179786	95.9	245	10	0	1	245	1	1385	-1	0
study_1198	2531839589	99.6	246	0	1	1	245	1	1518	-1	0
study_1356	2562617177_cluster	99.2	245	1	1	1	245	1	1534	-1	0
study_1548	2519899684	100.0	245	0	0	1	245	1	1387	-1	0
study_1552	2565956591	89.8	245	25	0	1	245	1	1413	-1	0
study_1547	649633078	100.0	245	0	0	1	245	1	1504	-1	0
study_1549	641736133	100.0	245	0	0	1	245	1	1502	-1	0
study_1273	2585427862	90.6	245	23	0	1	245	1	1414	-1	0
study_1333	644736366	93.1	246	16	1	1	245	1	1501	-1	0
study_1268	645951817	99.2	245	1	1	1	245	1	1534	-1	0
study_1554	2541047092	99.2	245	2	0	1	245	1	1521	-1	0
study_1556	651324054	95.9	245	10	0	1	245	1	1506	-1	0
study_1557	644736367	99.6	245	1	0	1	245	1	1504	-1	0
study_1553	649989928	100.0	245	0	0	1	245	1	1297	-1	0
study_156	645951808	100.0	245	0	0	1	245	1	1296	-1	0
study_1558	2574179727	98.8	247	1	2	1	245	1	1341	-1	0
study_1561	2512047053	99.6	245	0	1	1	245	1	1370	-1	0
study_1559	643886057	100.0	245	0	0	1	245	1	1505	-1	0
study_1569	2513237267	100.0	245	0	0	1	245	1	1512	-1	0
study_1563	2551306563	95.9	245	10	0	1	245	1	1396	-1	0
study_1562	2602041616	100.0	245	0	0	1	245	1	1382	-1	0
study_1564	2687453192	89.5	248	22	2	1	245	1	1528	-1	0
study_1560	2619619113	89.8	245	23	2	1	245	1	1525	-1	0
study_1566	2585427805	99.6	245	1	0	1	245	1	1398	-1	0
study_1568	2507262051	93.5	245	16	0	1	245	1	1350	-1	0
study_1290	2547132153	99.6	245	0	1	1	245	1	1417	-1	0
study_1565	2510065016	93.9	245	15	0	1	245	1	1439	-1	0
study_1331	2562617177_cluster	99.6	245	1	0	1	245	1	1534	-1	0
study_157	649989970	99.2	245	2	0	1	245	1	1515	-1	0
study_1324	2512047060	100.0	245	0	0	1	245	1	1537	-1	0
study_1285	650377947	98.8	245	3	0	1	245	1	1420	-1	0
study_1398	2588254069	99.6	245	0	1	1	245	1	1509	-1	0
study_14	2523533622	100.0	245	0	0	1	245	1	1428	-1	0
study_1411	645951817	99.6	245	1	0	1	245	1	1534	-1	0
study_1374	2537562024_cluster	100.0	245	0	0	1	245	1	1535	-1	0
study_1570	2597490368	99.6	245	1	0	1	245	1	1428	-1	0
study_158	2585427867	99.6	245	1	0	1	245	1	1409	-1	0
study_1578	2579778709	93.1	245	17	0	1	245	1	1418	-1	0
study_1576	649989989	99.2	245	2	0	1	245	1	1427	-1	0
study_1579	645951857	99.6	245	0	1	1	245	1	1438	-1	0
study_1575	2513237274	93.1	245	14	1	1	245	1	1501	-1	0
study_1572	651324054	95.9	245	10	0	1	245	1	1506	-1	0
study_1571	2548876979	97.6	245	6	0	1	245	1	1320	-1	0
study_1581	640753010	99.6	245	0	1	1	245	1	1303	-1	0
study_1573	2585428085	95.1	245	12	0	1	245	1	1392	-1	0
study_1580	2630968585_cluster	99.6	245	0	1	1	245	1	1526	-1	0
study_1583	2563367163	99.6	245	1	0	1	245	1	1513	-1	0
study_1582	2534682104_cluster	98.0	245	5	0	1	245	1	1508	-1	0
study_1584	2547132035	88.8	249	24	1	1	245	1	1402	-1	0
study_1585	2600255157	95.1	245	12	0	1	245	1	1543	-1	0
study_1587	648861006	98.0	245	3	2	1	245	1	1522	-1	0
study_1589	650377965	99.2	245	2	0	1	245	1	1504	-1	0
study_1625	2562617183	98.4	245	3	1	1	245	1	1502	-1	0
study_1591	642979360	98.4	245	2	2	1	245	1	1521	-1	0
study_1590	2524614548	100.0	245	0	0	1	245	1	1425	-1	0
study_1586	2540341191	96.3	245	9	0	1	245	1	1405	-1	0
study_159	2617271250	100.0	245	0	0	1	245	1	1269	-1	0
study_1627	2654588179	99.6	245	0	1	1	245	1	1333	-1	0
study_1624	647000294	99.6	245	0	1	1	245	1	1423	-1	0
study_16	2548876509	100.0	245	0	0	1	245	1	1253	-1	0
study_1361	2541047001	100.0	245	0	0	1	245	1	1524	-1	0
study_160	647533114	99.6	245	1	0	1	245	1	1414	-1	0
study_1592	651324034	99.2	245	2	0	1	245	1	1514	-1	0
study_1596	2563367172	100.0	245	0	0	1	245	1	1490	-1	0
study_1594	2648501417	91.8	245	20	0	1	245	1	1515	-1	0
study_1623	2541047019	99.2	245	1	1	1	245	1	1503	-1	0
study_1602	2534682104_cluster	90.2	246	23	1	1	245	1	1508	-1	0
study_1597	2585428022	100.0	245	0	0	1	245	1	1337	-1	0
study_1283	645951819	98.8	245	3	0	1	245	1	1520	-1	0
study_1603	2706794656	98.8	245	3	0	1	245	1	1520	-1	0
study_163	2529292932	98.8	245	3	0	1	245	1	1512	-1	0
study_1604	2585428085	94.3	245	14	0	1	245	1	1392	-1	0
study_1608	651324025	89.4	245	26	0	1	245	1	1545	-1	0
study_1613	2541046980	99.6	245	0	1	1	245	1	1497	-1	0
study_1606	2513237274	94.7	245	12	1	1	245	1	1501	-1	0
study_1609	2513237123	94.8	248	10	2	1	245	1	1404	-1	0
study_1317	645951819	100.0	245	0	0	1	245	1	1520	-1	0
study_1593	2582581003	98.4	245	4	0	1	245	1	1395	-1	0
study_161	2513237394_cluster	100.0	245	0	0	1	245	1	1527	-1	0
study_1617	2551306135	99.6	245	1	0	1	245	1	1413	-1	0
study_1574	2558860355	98.8	246	2	1	1	245	1	1527	-1	0
study_1611	2585427896	92.7	245	15	2	1	245	1	1415	-1	0
study_162	2630968451_cluster	99.6	245	1	0	1	245	1	1519	-1	0
study_1588	2639762831	97.6	245	6	0	1	245	1	1517	-1	0
study_1630	2574179786	96.3	246	8	1	1	245	1	1385	-1	0
study_1621	2600255036	98.8	245	2	1	1	245	1	1514	-1	0
study_1280	2558860355	99.2	245	2	0	1	245	1	1527	-1	0
study_131	651324005	99.2	245	0	1	1	245	1	1537	-1	0
study_1205	649990021	95.9	245	10	0	1	245	1	1520	-1	0
study_1595	2728369265	95.9	245	10	0	1	245	1	1513	-1	0
study_1472	2541046974	100.0	245	0	0	1	245	1	1532	-1	0
study_1605	2639762740	93.9	245	15	0	1	245	1	1514	-1	0
study_1626	651324025	89.4	245	26	0	1	245	1	1545	-1	0
study_1206	651324039	100.0	245	0	0	1	245	1	1526	-1	0
study_1394	2541047092	100.0	245	0	0	1	245	1	1521	-1	0
study_1353	646206276	100.0	245	0	0	1	245	1	1535	-1	0
study_1419	2651869761	100.0	245	0	0	1	245	1	1528	-1	0
study_1251	2667527649	100.0	245	0	0	1	245	1	1324	-1	0
study_1440	645951817	100.0	245	0	0	1	245	1	1534	-1	0
study_1629	2585428153	96.7	245	8	0	1	245	1	1292	-1	0
study_1628	2513237311	100.0	245	0	0	1	245	1	1499	-1	0
study_1618	647533197	99.2	245	1	1	1	245	1	1415	-1	0
study_1614	645951840	97.6	245	6	0	1	245	1	1511	-1	0
study_1620	2558860405_cluster	100.0	245	0	0	1	245	1	1503	-1	0
study_1616	643886007	100.0	245	0	0	1	245	1	1519	-1	0
study_1632	2529292816	97.6	245	6	0	1	245	1	1495	-1	0
study_1637	2713896879	95.9	246	9	1	1	245	1	1521	-1	0
study_1634	2513237313	99.2	245	1	1	1	245	1	1512	-1	0
study_1631	2526164515	99.6	246	0	1	1	245	1	1417	-1	0
study_1636	641736205	88.2	245	26	1	1	245	1	1511	-1	0
study_1638	2558860286	99.6	245	0	1	1	245	1	1469	-1	0
study_1648	2619618878	86.6	246	29	2	1	245	1	1483	-1	0
study_132	649989958_cluster	100.0	245	0	0	1	245	1	1503	-1	0
study_1615	2684622538	99.2	245	2	0	1	245	1	1524	-1	0
study_1622	2600254991	96.3	245	9	0	1	245	1	1510	-1	0
study_1382	2751185640	94.7	245	13	0	1	245	1	1499	-1	0
study_1639	2558860285	100.0	245	0	0	1	245	1	1479	-1	0
study_1417	647533179	100.0	245	0	0	1	245	1	1428	-1	0
study_1642	2545555826	99.6	245	1	0	1	245	1	1392	-1	0
study_1649	2585428083	100.0	245	0	0	1	245	1	1259	-1	0
study_1344	643886070	92.7	245	17	1	1	245	1	1509	-1	0
study_1643	643886203	100.0	245	0	0	1	245	1	1422	-1	0
study_1431	2529292932	85.9	249	29	2	1	245	1	1512	-1	0
study_164	647000296	98.4	245	4	0	1	245	1	1505	-1	0
study_1270	649989952	100.0	245	0	0	1	245	1	1534	-1	0
study_1641	2585427812	100.0	245	0	0	1	245	1	1374	-1	0
study_1665	645058788	98.8	245	1	1	1	245	1	1323	-1	0
study_1645	2551306260	99.2	245	2	0	1	245	1	1304	-1	0
study_1664	651324039	99.6	246	0	1	1	245	1	1526	-1	0
study_1663	2528768167	100.0	245	0	0	1	245	1	1394	-1	0
study_1658	2531839279	100.0	245	0	0	1	245	1	1451	-1	0
study_1654	2519899832	85.0	246	33	2	1	245	1	1514	-1	0
study_1657	2667528161	87.8	245	30	0	1	245	1	1489	-1	0
study_1633	2529292877	99.6	245	1	0	1	245	1	1524	-1	0
study_1656	2513237338	99.6	245	1	0	1	245	1	1499	-1	0
study_1355	2524614847	97.6	245	5	1	1	245	1	1394	-1	0
study_1650	645951840	97.1	245	7	0	1	245	1	1511	-1	0
study_1644	2511231077	100.0	245	0	0	1	245	1	1503	-1	0
study_1653	2523533587	88.7	247	25	2	1	245	1	1397	-1	0
study_1662	2558309122	98.0	245	4	1	1	245	1	1499	-1	0
study_1660	2585427819	99.6	245	0	1	1	245	1	1394	-1	0
study_1655	2568526462	99.6	245	1	0	1	245	1	1536	-1	0
study_1651	2519899684	94.7	247	11	1	1	245	1	1387	-1	0
study_167	2515154074	99.2	245	0	2	1	245	1	1410	-1	0
study_1669	2600255008	99.6	245	1	0	1	245	1	1530	-1	0
study_1670	645951857	99.6	246	0	1	1	245	1	1438	-1	0
study_1668	2558860286	97.6	245	6	0	1	245	1	1469	-1	0
study_166	2728368966	100.0	245	0	0	1	245	1	1282	-1	0
study_1486	2531839303	91.4	245	21	0	1	245	1	1511	-1	0
study_1676	651324054	95.1	245	11	1	1	245	1	1506	-1	0
study_1674	2524614847	98.0	245	5	0	1	245	1	1394	-1	0
study_1677	2523231011	99.6	245	0	1	1	245	1	1412	-1	0
study_1646	2513020024_cluster	86.1	245	31	1	1	245	1	1413	-1	0
study_1675	647533198	84.9	245	32	2	1	245	1	1413	-1	0
study_1661	2585427805	97.1	245	6	1	1	245	1	1398	-1	0
study_1412	2541046980	99.6	245	1	0	1	245	1	1497	-1	0
study_1673	2537561617	100.0	245	0	0	1	245	1	1526	-1	0
study_138	2541048001	98.0	245	2	1	1	245	1	1517	-1	0
study_155	2651870246	90.6	245	23	0	1	245	1	1533	-1	0
study_1679	2576861570	94.7	245	13	0	1	245	1	1498	-1	0
study_1682	649989951	90.7	246	22	1	1	245	1	1303	-1	0
study_165	650377947	99.2	245	2	0	1	245	1	1420	-1	0
study_1610	2534682104_cluster	91.1	246	21	1	1	245	1	1508	-1	0
study_1680	2563367172	94.3	246	13	1	1	245	1	1490	-1	0
study_1684	2512047049	97.6	245	5	1	1	245	1	1318	-1	0
study_1685	2562617167	100.0	245	0	0	1	245	1	1527	-1	0
study_168	2537561582	100.0	245	0	0	1	245	1	1268	-1	0
study_1666	2561511082	100.0	245	0	0	1	245	1	1388	-1	0
study_1688	2519899684	95.1	247	9	2	1	245	1	1387	-1	0
study_1681	2558860988	96.7	245	8	0	1	245	1	1281	-1	0
study_1678	2645728015	84.2	253	31	2	1	245	1	1508	-1	0
study_1692	2585428085	90.2	246	23	1	1	245	1	1392	-1	0
study_1683	646311951	94.7	245	13	0	1	245	1	1520	-1	0
study_1694	2513237311	100.0	245	0	0	1	245	1	1499	-1	0
study_1693	2534682207	95.9	245	10	0	1	245	1	1499	-1	0
study_1691	648861006	99.2	245	2	0	1	245	1	1522	-1	0
study_1689	2597489878	96.3	246	8	1	1	245	1	1520	-1	0
study_169	2529292749_cluster	100.0	245	0	0	1	245	1	1342	-1	0
study_1555	2599185173	96.7	245	8	0	1	245	1	1540	-1	0
study_1687	2671180969	99.2	245	2	0	1	245	1	1532	-1	0
study_1550	2654588148	83.3	245	41	0	1	245	1	1523	-1	0
study_1696	2751185640	97.6	245	6	0	1	245	1	1499	-1	0
study_1699	648276676	98.8	245	3	0	1	245	1	1276	-1	0
study_1697	650377965	100.0	245	0	0	1	245	1	1504	-1	0
study_1702	645951840	98.4	245	4	0	1	245	1	1511	-1	0
study_1701	645951857	99.2	246	0	2	1	245	1	1438	-1	0
study_1700	2540341165	98.4	245	4	0	1	245	1	1465	-1	0
study_17	2513237245	100.0	245	0	0	1	245	1	1426	-1	0
study_170	2524614766	100.0	245	0	0	1	245	1	1383	-1	0
study_1710	2515154110	95.9	245	10	0	1	245	1	1414	-1	0
study_1703	2558860247	99.6	245	0	1	1	245	1	1487	-1	0
study_1706	2602041611	98.8	245	2	1	1	245	1	1528	-1	0
study_1707	650377969	100.0	245	0	0	1	245	1	1493	-1	0
study_1718	643348570	98.0	245	3	1	1	245	1	1452	-1	0
study_1715	2724679383	100.0	245	0	0	1	245	1	1368	-1	0
study_1708	2579778709	93.5	246	15	1	1	245	1	1418	-1	0
study_171	2534682209	100.0	245	0	0	1	245	1	1507	-1	0
study_1717	649989951	98.8	245	3	0	1	245	1	1303	-1	0
study_129	2602041664	100.0	245	0	0	1	245	1	1529	-1	0
study_1705	642979337	99.6	246	0	1	1	245	1	1503	-1	0
study_1709	2651870361	96.3	245	7	1	1	245	1	1438	-1	0
study_1713	2541046997	98.4	245	4	0	1	245	1	1500	-1	0
study_1712	2541046997	100.0	245	0	0	1	245	1	1500	-1	0
study_1716	2534682104_cluster	91.5	246	20	1	1	245	1	1508	-1	0
study_1698	645951831	89.8	245	25	0	1	245	1	1494	-1	0
study_1711	644736366	93.9	246	14	1	1	245	1	1501	-1	0
study_1686	2518645603	93.1	245	16	1	1	245	1	1268	-1	0
study_1704	2597490300	99.2	245	2	0	1	245	1	1440	-1	0
study_1690	643886116	100.0	245	0	0	1	245	1	1504	-1	0
study_1721	2602041668	100.0	245	0	0	1	245	1	1318	-1	0
study_1726	2740892381	99.2	245	2	0	1	245	1	1518	-1	0
study_1720	2519899622	100.0	245	0	0	1	245	1	1537	-1	0
study_1724	2512047040	88.2	245	21	3	1	245	1	1496	-1	0
study_1719	2537561582	100.0	245	0	0	1	245	1	1268	-1	0
study_1723	643886103	99.2	245	0	2	1	245	1	1251	-1	0
study_1722	647000206	100.0	245	0	0	1	245	1	1522	-1	0
study_1731	2651869858	89.1	248	23	2	1	245	1	1521	-1	0
study_1730	650377904	99.2	246	0	2	1	245	1	1506	-1	0
study_1729	2585428085	94.3	245	14	0	1	245	1	1392	-1	0
study_1728	2648501880	95.1	245	12	0	1	245	1	1372	-1	0
study_1735	2541047222	87.3	245	31	0	1	245	1	1521	-1	0
study_1772	2517572195_cluster	90.7	246	22	1	1	245	1	1420	-1	0
study_1727	2585427812	91.8	245	18	1	1	245	1	1374	-1	0
study_1770	2512047040	88.6	245	22	1	1	245	1	1496	-1	0
study_1734	2667527865	98.8	245	3	0	1	245	1	1419	-1	0
study_1736	650377966	97.6	245	6	0	1	245	1	1393	-1	0
study_174	2529292816	100.0	245	0	0	1	245	1	1495	-1	0
study_177	2562617167	99.6	245	1	0	1	245	1	1527	-1	0
study_1737	2541047506	100.0	245	0	0	1	245	1	1522	-1	0
study_1773	2537561773	100.0	245	0	0	1	245	1	1434	-1	0
study_1765	647000277	95.5	245	8	1	1	245	1	1414	-1	0
study_1740	2523533587	88.3	247	27	1	1	245	1	1397	-1	0
study_1725	2585427904	99.2	245	1	1	1	245	1	1414	-1	0
study_1747	2531839303	91.0	245	22	0	1	245	1	1511	-1	0
study_1781	645951834	87.1	249	28	1	1	245	1	1511	-1	0
study_1522	2523231011	99.6	245	0	1	1	245	1	1412	-1	0
study_1743	2519899684	95.9	246	9	1	1	245	1	1387	-1	0
study_1746	649989986	99.6	246	0	1	1	245	1	1401	-1	0
study_1749	2513237274	92.7	246	15	2	1	245	1	1501	-1	0
study_1751	647533197	96.7	245	8	0	1	245	1	1415	-1	0
study_178	2513237267	86.1	245	32	1	1	245	1	1512	-1	0
study_1768	2558860281	92.7	245	17	1	1	245	1	1461	-1	0
study_1742	649989983	99.2	245	2	0	1	245	1	1545	-1	0
study_1750	2524614766	98.8	245	3	0	1	245	1	1383	-1	0
study_1753	2619619242	99.2	245	2	0	1	245	1	1312	-1	0
study_172	2684623060	98.4	245	3	1	1	245	1	1544	-1	0
study_1647	648861010	99.2	247	0	2	1	245	1	1421	-1	0
study_1759	2751185762	92.2	245	19	0	1	245	1	1405	-1	0
study_1758	2547132148	100.0	245	0	0	1	245	1	1387	-1	0
study_1760	2585428085	98.4	245	4	0	1	245	1	1392	-1	0
study_1733	2534681837	90.2	245	24	0	1	245	1	1508	-1	0
study_1763	2718218191	95.9	245	9	1	1	245	1	1533	-1	0
study_1422	2574179786	95.1	245	12	0	1	245	1	1385	-1	0
study_1778	2512564014	100.0	245	0	0	1	245	1	1365	-1	0
study_1766	2648501192	90.6	245	23	0	1	245	1	1442	-1	0
study_1761	2518645604	99.6	245	0	1	1	245	1	1406	-1	0
study_1776	2667527550	94.7	245	13	0	1	245	1	1516	-1	0
study_1612	2595698240	100.0	245	0	0	1	245	1	1372	-1	0
study_1764	640753039	85.3	245	33	1	1	245	1	1485	-1	0
study_1771	2724679012	93.5	246	14	2	1	245	1	1514	-1	0
study_1762	2565956542	96.7	245	5	1	1	245	1	1423	-1	0
study_1767	2537561696	99.6	245	1	0	1	245	1	1311	-1	0
study_1738	2600255157	85.9	249	31	1	1	245	1	1543	-1	0
study_1786	649633043	96.3	245	9	0	1	245	1	1489	-1	0
study_1784	2648501192	91.0	245	22	0	1	245	1	1442	-1	0
study_1769	641736272	100.0	245	0	0	1	245	1	1452	-1	0
study_1744	2513237343	98.4	245	4	0	1	245	1	1503	-1	0
study_1577	643886103	100.0	245	0	0	1	245	1	1251	-1	0
study_1748	651324034	99.6	246	0	1	1	245	1	1514	-1	0
study_1785	2585428190	100.0	245	0	0	1	245	1	1277	-1	0
study_1783	2540341165	97.1	245	7	0	1	245	1	1465	-1	0
study_1491	651324039	100.0	245	0	0	1	245	1	1526	-1	0
study_1774	2513237338	99.2	245	2	0	1	245	1	1499	-1	0
study_148	2537561696	100.0	245	0	0	1	245	1	1311	-1	0
study_1487	643886015	93.1	245	8	1	1	245	1	1520	-1	0
study_1777	2565956595	85.3	245	33	1	1	245	1	1412	-1	0
study_1619	2585427908	100.0	245	0	0	1	245	1	1416	-1	0
study_1779	2548876979	97.6	245	6	0	1	245	1	1320	-1	0
study_152	2751185876	93.1	245	17	0	1	245	1	1517	-1	0
study_1659	2558860355	100.0	245	0	0	1	245	1	1527	-1	0
study_1739	641736133	95.1	245	12	0	1	245	1	1502	-1	0
study_1732	2503754051	85.3	245	33	1	1	245	1	1414	-1	0
study_175	649989906	100.0	245	0	0	1	245	1	1526	-1	0
study_1757	651324034	98.4	245	2	2	1	245	1	1514	-1	0
study_1671	645951869	99.2	247	0	2	1	245	1	1487	-1	0
study_1652	651324034	98.8	245	2	1	1	245	1	1514	-1	0
study_1667	2627853814	91.0	245	21	1	1	245	1	1426	-1	0
study_1787	2534682104_cluster	97.1	245	7	0	1	245	1	1508	-1	0
study_1797	641736196	94.3	245	14	0	1	245	1	1511	-1	0
study_179	2734482253	99.6	246	0	1	1	245	1	1514	-1	0
study_1790	2585427901	98.8	245	2	1	1	245	1	1342	-1	0
study_1789	2675903154	93.9	245	15	0	1	245	1	1513	-1	0
study_1794	2509887034	88.6	245	28	0	1	245	1	1403	-1	0
study_1803	642979305	97.1	245	5	1	1	245	1	1486	-1	0
study_1809	2518645604	99.6	245	0	1	1	245	1	1406	-1	0
study_1815	2547132153	99.2	245	1	1	1	245	1	1417	-1	0
study_1811	2558860355	100.0	245	0	0	1	245	1	1527	-1	0
study_1812	2529293058	96.7	245	8	0	1	245	1	1509	-1	0
study_1818	2523533627	99.2	245	1	1	1	245	1	1413	-1	0
study_1798	2534682104_cluster	91.5	246	20	1	1	245	1	1508	-1	0
study_1796	2651869844	90.2	245	24	0	1	245	1	1468	-1	0
study_1827	2562617146	99.6	245	0	1	1	245	1	1489	-1	0
study_1808	2568526538_cluster	100.0	245	0	0	1	245	1	1511	-1	0
study_1804	2558309122	98.4	245	4	0	1	245	1	1499	-1	0
study_182	2600255237	100.0	245	0	0	1	245	1	1512	-1	0
study_1829	2534681820	99.6	246	0	1	1	245	1	1487	-1	0
study_183	645951834	100.0	245	0	0	1	245	1	1511	-1	0
study_176	2517572001	100.0	245	0	0	1	245	1	1475	-1	0
study_1831	2593339213	96.3	245	8	1	1	245	1	1392	-1	0
study_1821	2540341047	95.5	245	11	0	1	245	1	1398	-1	0
study_1820	2531839303	91.5	246	20	1	1	245	1	1511	-1	0
study_173	2728368966	99.6	245	0	1	1	245	1	1282	-1	0
study_180	648861015	100.0	245	0	0	1	245	1	1403	-1	0
study_1801	2541046955	88.8	249	24	1	1	245	1	1402	-1	0
study_1741	2751185640	98.4	245	4	0	1	245	1	1499	-1	0
study_1788	645951802	98.8	245	3	0	1	245	1	1535	-1	0
study_1791	2506520012	78.4	245	50	1	1	245	1	1532	-1	0
study_1782	2562617177_cluster	100.0	245	0	0	1	245	1	1534	-1	0
study_1819	2513237300	100.0	245	0	0	1	245	1	1304	-1	0
study_1799	2681812956	93.5	245	16	0	1	245	1	1517	-1	0
study_1755	651324034	98.8	245	2	1	1	245	1	1514	-1	0
study_1780	2512047053	89.4	245	22	1	1	245	1	1370	-1	0
study_1810	2734482253	98.0	245	4	1	1	245	1	1514	-1	0
study_1825	2585427909	93.5	245	15	1	1	245	1	1412	-1	0
study_1800	2636415786	99.6	245	1	0	1	245	1	1524	-1	0
study_1775	2585427663	86.1	245	34	0	1	245	1	1497	-1	0
study_1826	2531839279	97.6	245	6	0	1	245	1	1451	-1	0
study_1828	2718218191	89.8	245	24	1	1	245	1	1533	-1	0
study_1817	2619619272	92.7	245	18	0	1	245	1	1311	-1	0
study_1805	2600255237	99.6	245	1	0	1	245	1	1512	-1	0
study_1814	2606217777_cluster	91.2	249	17	2	1	245	1	1302	-1	0
study_1802	2585427812	97.1	245	7	0	1	245	1	1374	-1	0
study_1833	2593339269	93.5	245	16	0	1	245	1	1400	-1	0
study_1816	2534682104_cluster	92.4	249	15	2	1	245	1	1508	-1	0
study_181	2513237394_cluster	100.0	245	0	0	1	245	1	1527	-1	0
study_1834	2579778709	93.1	247	15	2	1	245	1	1418	-1	0
study_1841	2593339301	100.0	245	0	0	1	245	1	1403	-1	0
study_18	2513237395_cluster	100.0	245	0	0	1	245	1	1536	-1	0
study_1835	2602041616	99.6	245	0	1	1	245	1	1382	-1	0
study_1840	2600254991	99.2	245	2	0	1	245	1	1510	-1	0
study_1807	2571042594	100.0	245	0	0	1	245	1	1428	-1	0
study_1832	2513237338	98.8	246	1	2	1	245	1	1499	-1	0
study_1830	2545555826	99.6	245	0	1	1	245	1	1392	-1	0
study_1846	643886197	99.6	245	1	0	1	245	1	1514	-1	0
study_1823	2519899539_cluster	91.8	245	20	0	1	245	1	1551	-1	0
study_1843	2548876509	100.0	245	0	0	1	245	1	1253	-1	0
study_1838	2585427867	99.2	245	1	1	1	245	1	1409	-1	0
study_1836	2568526009	85.9	249	31	1	1	245	1	1436	-1	0
study_1845	2541047092	100.0	245	0	0	1	245	1	1521	-1	0
study_185	2565956591	89.8	245	25	0	1	245	1	1413	-1	0
study_184	2585427892	100.0	245	0	0	1	245	1	1417	-1	0
study_1847	2509276067	85.1	249	29	3	1	245	1	1415	-1	0
study_1848	2751185640	82.7	255	33	2	1	245	1	1499	-1	0
study_1752	646206250	99.6	245	0	1	1	245	1	1514	-1	0
study_1842	2593339213	94.3	245	14	0	1	245	1	1392	-1	0
study_1853	2718218191	88.6	245	27	1	1	245	1	1533	-1	0
study_1839	650377966	89.6	251	19	3	1	245	1	1393	-1	0
study_1855	2597489878	95.5	245	11	0	1	245	1	1520	-1	0
study_1849	2721755613	95.5	245	11	0	1	245	1	1517	-1	0
study_1854	2561511082	99.2	245	2	0	1	245	1	1388	-1	0
study_1852	2565956529	98.0	245	5	0	1	245	1	1389	-1	0
study_1856	645951840	98.0	245	5	0	1	245	1	1511	-1	0
study_1813	2585428153	96.7	245	8	0	1	245	1	1292	-1	0
study_1850	2596583697	86.1	245	32	1	1	245	1	1397	-1	0
study_1851	650377966	99.6	245	1	0	1	245	1	1393	-1	0
study_1714	2547132214	100.0	245	0	0	1	245	1	1273	-1	0
study_1857	2513237313	99.2	245	2	0	1	245	1	1512	-1	0
study_1837	649989983	99.6	245	1	0	1	245	1	1545	-1	0
study_1862	2579778709	93.5	247	14	2	1	245	1	1418	-1	0
study_1864	2585427805	99.2	245	2	0	1	245	1	1398	-1	0
study_1860	2562617177_cluster	88.2	245	27	1	1	245	1	1534	-1	0
study_1824	643886113	97.1	245	6	1	1	245	1	1450	-1	0
study_1861	2585427805	99.6	245	1	0	1	245	1	1398	-1	0
study_1866	642791621	92.7	245	18	0	1	245	1	1507	-1	0
study_1863	649989956	99.6	246	0	1	1	245	1	1523	-1	0
study_187	2513237338	100.0	245	0	0	1	245	1	1499	-1	0
study_1880	2531839303	91.0	245	22	0	1	245	1	1511	-1	0
study_1870	2540341191	98.8	245	3	0	1	245	1	1405	-1	0
study_1892	2509276067	82.9	245	42	0	1	245	1	1415	-1	0
study_1893	2643221585_cluster	100.0	245	0	0	1	245	1	1522	-1	0
study_19	645058788	100.0	245	0	0	1	245	1	1323	-1	0
study_188	2593339156	99.6	246	0	1	1	245	1	1253	-1	0
study_1884	2548876842	99.6	245	0	1	1	245	1	1413	-1	0
study_1873	2585427902	96.3	246	7	2	1	245	1	1409	-1	0
study_1844	2579778709	99.6	245	1	0	1	245	1	1418	-1	0
study_1859	2565956542	98.0	245	2	1	1	245	1	1423	-1	0
study_1887	2563366504	99.2	245	2	0	1	245	1	1392	-1	0
study_1868	2617271208	99.2	245	2	0	1	245	1	1524	-1	0
study_1877	2540341165	98.4	245	4	0	1	245	1	1465	-1	0
study_1891	2619618878	86.6	246	29	2	1	245	1	1483	-1	0
study_1867	2597489879	99.6	245	0	1	1	245	1	1504	-1	0
study_1881	2687453280	83.9	249	36	1	1	245	1	1535	-1	0
study_186	650377966	99.6	245	0	1	1	245	1	1393	-1	0
study_1905	649989950	96.7	245	7	1	1	245	1	1330	-1	0
study_1878	2718218404	98.0	245	5	0	1	245	1	1522	-1	0
study_1871	2630968578	69.8	245	71	2	1	245	1	1541	-1	0
study_1890	2531839214	85.5	249	32	1	1	245	1	1529	-1	0
study_1886	2619619295	100.0	245	0	0	1	245	1	1525	-1	0
study_1902	2540341191	95.5	245	11	0	1	245	1	1405	-1	0
study_1874	645951840	95.1	245	12	0	1	245	1	1511	-1	0
study_1882	2541047088	98.0	245	5	0	1	245	1	1458	-1	0
study_1894	2558860281	92.2	245	17	2	1	245	1	1461	-1	0
study_1858	2751185762	96.7	245	8	0	1	245	1	1405	-1	0
study_1895	2579778709	99.2	245	1	1	1	245	1	1418	-1	0
study_1889	2687453199	71.8	245	66	2	1	245	1	1537	-1	0
study_1898	2654588123	99.2	245	2	0	1	245	1	1554	-1	0
study_1883	2728369339	100.0	245	0	0	1	245	1	1525	-1	0
study_1904	651324009	100.0	245	0	0	1	245	1	1282	-1	0
study_1876	2684622538	96.7	245	8	0	1	245	1	1524	-1	0
study_1908	2693429689	97.6	245	5	1	1	245	1	1509	-1	0
study_1906	2593339213	94.3	245	14	0	1	245	1	1392	-1	0
study_1872	2728369265	96.3	246	8	1	1	245	1	1513	-1	0
study_189	2562617188	98.4	245	4	0	1	245	1	1505	-1	0
study_1897	2548876842	100.0	245	0	0	1	245	1	1413	-1	0
study_193	2558860927	99.6	246	0	1	1	245	1	1458	-1	0
study_1900	2585427614	99.6	245	1	0	1	245	1	1505	-1	0
study_195	2541046980	99.6	245	1	0	1	245	1	1497	-1	0
study_192	643886113	100.0	245	0	0	1	245	1	1450	-1	0
study_1901	2639762831	92.2	245	18	1	1	245	1	1517	-1	0
study_198	2562617142	99.2	245	0	2	1	245	1	1281	-1	0
study_1899	2562617188	98.0	245	3	2	1	245	1	1505	-1	0
study_190	2651870246	91.8	245	20	0	1	245	1	1533	-1	0
study_20	2588254075	100.0	245	0	0	1	245	1	1509	-1	0
study_1795	651324054	96.3	245	9	0	1	245	1	1506	-1	0
study_1888	2529293168	98.0	245	4	1	1	245	1	1344	-1	0
study_194	2547132153	100.0	245	0	0	1	245	1	1417	-1	0
study_199	2585428037	93.9	245	15	0	1	245	1	1419	-1	0
study_1896	2513237261	100.0	245	0	0	1	245	1	1526	-1	0
study_1903	2558309036	97.6	245	6	0	1	245	1	1339	-1	0
study_1879	2654587742	98.8	245	0	2	1	245	1	1512	-1	0
study_197	2513237275	98.4	245	4	0	1	245	1	1421	-1	0
study_196	2531839345	100.0	245	0	0	1	245	1	1304	-1	0
study_200	2740892381	98.0	245	5	0	1	245	1	1518	-1	0
study_202	2602041616	100.0	245	0	0	1	245	1	1382	-1	0
study_1907	642979360	98.8	245	2	1	1	245	1	1521	-1	0
study_203	2558860247	99.2	246	0	2	1	245	1	1487	-1	0
study_204	647000283	100.0	245	0	0	1	245	1	1526	-1	0
study_206	649989970	98.8	245	2	1	1	245	1	1515	-1	0
study_207	2558860923	99.6	245	0	1	1	245	1	1402	-1	0
study_1869	644736366	93.5	246	15	1	1	245	1	1501	-1	0
study_208	648276723	100.0	245	0	0	1	245	1	1258	-1	0
study_201	2517572001	100.0	245	0	0	1	245	1	1475	-1	0
study_209	2513237394_cluster	99.6	245	1	0	1	245	1	1527	-1	0
study_205	2744054922	91.8	245	20	0	1	245	1	1543	-1	0
study_21	2585427908	100.0	245	0	0	1	245	1	1416	-1	0
study_210	2565956591	91.0	245	22	0	1	245	1	1413	-1	0
study_212	2585427812	96.7	245	8	0	1	245	1	1374	-1	0
study_219	2585427909	92.7	245	18	0	1	245	1	1412	-1	0
study_235	2558860287	100.0	245	0	0	1	245	1	1498	-1	0
study_213	2706794656	100.0	245	0	0	1	245	1	1520	-1	0
study_1806	2541046980	100.0	245	0	0	1	245	1	1497	-1	0
study_216	645058800	100.0	245	0	0	1	245	1	1458	-1	0
study_1640	2639762803	85.8	246	31	2	1	245	1	1502	-1	0
study_227	649989900	100.0	245	0	0	1	245	1	1526	-1	0
study_218	642979334	100.0	245	0	0	1	245	1	1511	-1	0
study_211	2740892381	99.6	245	0	1	1	245	1	1518	-1	0
study_215	2512047052	99.2	245	0	1	1	245	1	1411	-1	0
study_241	2563366730	87.8	246	29	1	1	245	1	1387	-1	0
study_228	2513237338	92.2	245	18	1	1	245	1	1499	-1	0
study_225	2547132291	100.0	245	0	0	1	245	1	1421	-1	0
study_234	644736384	100.0	245	0	0	1	245	1	1503	-1	0
study_244	647533114	100.0	245	0	0	1	245	1	1414	-1	0
study_232	2585428085	97.6	245	6	0	1	245	1	1392	-1	0
study_25	647533114	100.0	245	0	0	1	245	1	1414	-1	0
study_24	2548876842	100.0	245	0	0	1	245	1	1413	-1	0
study_191	2585427904	99.6	245	0	1	1	245	1	1414	-1	0
study_236	648276634	98.8	245	2	1	1	245	1	1507	-1	0
study_249	2540341191	99.2	245	2	0	1	245	1	1405	-1	0
study_230	644736366	99.6	245	1	0	1	245	1	1501	-1	0
study_245	2547132124	99.2	245	2	0	1	245	1	1414	-1	0
study_233	2537561967	100.0	245	0	0	1	245	1	1493	-1	0
study_239	2534682211	94.7	245	12	1	1	245	1	1506	-1	0
study_246	2571042378	100.0	245	0	0	1	245	1	1400	-1	0
study_260	2534681820	99.6	245	0	1	1	245	1	1487	-1	0
study_231	2502171150	100.0	245	0	0	1	245	1	1525	-1	0
study_224	2651869858	83.9	249	35	3	1	245	1	1521	-1	0
study_237	2690315875	99.6	245	1	0	1	245	1	1503	-1	0
study_222	2597490368	100.0	245	0	0	1	245	1	1428	-1	0
study_22	2600254991	99.6	245	1	0	1	245	1	1510	-1	0
study_240	2529293168	97.6	245	6	0	1	245	1	1344	-1	0
study_248	651324083	93.9	245	15	0	1	245	1	1513	-1	0
study_259	2534682202	100.0	245	0	0	1	245	1	1513	-1	0
study_26	2534681854	100.0	245	0	0	1	245	1	1511	-1	0
study_253	2724679383	99.6	245	1	0	1	245	1	1368	-1	0
study_255	2623620486	97.6	245	6	0	1	245	1	1520	-1	0
study_266	2563367172	99.2	245	2	0	1	245	1	1490	-1	0
study_270	647000283	99.6	246	0	1	1	245	1	1526	-1	0
study_251	2619619242	96.7	245	8	0	1	245	1	1312	-1	0
study_252	642979334	99.6	245	1	0	1	245	1	1511	-1	0
study_254	641736196	99.6	245	1	0	1	245	1	1511	-1	0
study_221	2562617167	99.6	245	0	1	1	245	1	1527	-1	0
study_258	2537561696	98.0	245	5	0	1	245	1	1311	-1	0
study_264	2579778771	100.0	245	0	0	1	245	1	1326	-1	0
study_214	2562617166	99.6	245	0	1	1	245	1	1513	-1	0
study_217	2734482253	99.2	246	1	1	1	245	1	1514	-1	0
study_238	642979351	99.6	245	1	0	1	245	1	1298	-1	0
study_229	2523231011	100.0	245	0	0	1	245	1	1412	-1	0
study_220	649989987	93.5	245	14	2	1	245	1	1513	-1	0
study_27	650377947	99.6	245	1	0	1	245	1	1420	-1	0
study_267	2585427850	93.9	246	14	1	1	245	1	1540	-1	0
study_272	2684623233	99.6	245	1	0	1	245	1	1512	-1	0
study_247	651324056	93.9	246	14	1	1	245	1	1502	-1	0
study_257	2565956594	99.6	245	1	0	1	245	1	1415	-1	0
study_23	2562617166	99.2	245	1	1	1	245	1	1513	-1	0
study_269	2547132291	100.0	245	0	0	1	245	1	1421	-1	0
study_256	2529292932	90.6	245	23	0	1	245	1	1512	-1	0
study_274	649989989	100.0	245	0	0	1	245	1	1427	-1	0
study_243	2740892377	100.0	245	0	0	1	245	1	1279	-1	0
study_271	2558860405_cluster	100.0	245	0	0	1	245	1	1503	-1	0
study_263	2585427811	96.7	245	8	0	1	245	1	1399	-1	0
study_262	2534681746	100.0	245	0	0	1	245	1	1453	-1	0
study_276	650377947	99.2	245	2	0	1	245	1	1420	-1	0
study_275	2512047053	98.8	245	3	0	1	245	1	1370	-1	0
study_277	651324039	98.8	247	1	1	1	245	1	1526	-1	0
study_28	2529293058	100.0	245	0	0	1	245	1	1509	-1	0
study_278	2724679012	96.7	246	7	1	1	245	1	1514	-1	0
study_279	2534682209	100.0	245	0	0	1	245	1	1507	-1	0
study_268	2600255237	99.2	245	2	0	1	245	1	1512	-1	0
study_281	2551306541	100.0	245	0	0	1	245	1	1392	-1	0
study_282	649989970	99.6	245	0	1	1	245	1	1515	-1	0
study_285	2648501192	91.4	245	21	0	1	245	1	1442	-1	0
study_280	2600254991	98.8	246	2	1	1	245	1	1510	-1	0
study_283	2667527396	85.7	252	29	1	1	245	1	1498	-1	0
study_29	2537561696	99.6	245	1	0	1	245	1	1311	-1	0
study_290	643886113	99.6	246	0	1	1	245	1	1450	-1	0
study_296	2585427867	100.0	245	0	0	1	245	1	1409	-1	0
study_289	649989906	100.0	245	0	0	1	245	1	1526	-1	0
study_30	2513020024_cluster	100.0	245	0	0	1	245	1	1413	-1	0
study_298	2558860284	100.0	245	0	0	1	245	1	1429	-1	0
study_299	2582580755	98.4	245	4	0	1	245	1	1527	-1	0
study_297	2531839589	100.0	245	0	0	1	245	1	1518	-1	0
study_294	2654588123	100.0	245	0	0	1	245	1	1554	-1	0
study_303	650377947	98.8	245	3	0	1	245	1	1420	-1	0
study_302	649989951	100.0	245	0	0	1	245	1	1303	-1	0
study_3	2537561582	100.0	245	0	0	1	245	1	1268	-1	0
study_309	2537561696	99.2	245	2	0	1	245	1	1311	-1	0
study_300	2639763010	100.0	245	0	0	1	245	1	1556	-1	0
study_31	2537561582	98.4	245	4	0	1	245	1	1268	-1	0
study_288	2512047045_cluster	98.8	245	3	0	1	245	1	1401	-1	0
study_304	649989970	99.2	245	0	2	1	245	1	1515	-1	0
study_226	2528768167	100.0	245	0	0	1	245	1	1394	-1	0
study_286	2667527753	100.0	245	0	0	1	245	1	1259	-1	0
study_2	2645727882	100.0	245	0	0	1	245	1	1426	-1	0
study_287	2513237311	100.0	245	0	0	1	245	1	1499	-1	0
study_293	2713896879	95.5	246	10	1	1	245	1	1521	-1	0
study_305	651324039	99.2	246	1	1	1	245	1	1526	-1	0
study_291	2531839279	100.0	245	0	0	1	245	1	1451	-1	0
study_301	651324039	99.2	245	2	0	1	245	1	1526	-1	0
study_323	2558860395	100.0	245	0	0	1	245	1	1503	-1	0
study_327	2513237261	98.8	247	1	1	1	245	1	1526	-1	0
study_312	2513237306	99.6	245	1	0	1	245	1	1491	-1	0
study_315	2582580727	95.1	246	11	1	1	245	1	1285	-1	0
study_284	2562617187	92.7	245	18	0	1	245	1	1525	-1	0
study_317	2548876979	97.6	245	6	0	1	245	1	1320	-1	0
study_341	2512047052	98.8	245	0	2	1	245	1	1411	-1	0
study_242	650377947	99.6	245	1	0	1	245	1	1420	-1	0
study_292	647533197	99.2	245	2	0	1	245	1	1415	-1	0
study_334	648861015	99.6	245	1	0	1	245	1	1403	-1	0
study_330	650377970	100.0	245	0	0	1	245	1	1504	-1	0
study_331	649989970	100.0	245	0	0	1	245	1	1515	-1	0
study_337	2534681820	99.6	245	0	1	1	245	1	1487	-1	0
study_318	642791621	100.0	245	0	0	1	245	1	1507	-1	0
study_332	2734482253	98.0	246	4	1	1	245	1	1514	-1	0
study_329	2728369265	95.9	245	10	0	1	245	1	1513	-1	0
study_328	648861006	99.6	245	1	0	1	245	1	1522	-1	0
study_319	644736367	100.0	245	0	0	1	245	1	1504	-1	0
study_307	648861015	99.2	245	1	1	1	245	1	1403	-1	0
study_338	2548876788	99.6	245	0	1	1	245	1	1414	-1	0
study_33	649989951	99.6	245	1	0	1	245	1	1303	-1	0
study_335	2531839345	100.0	245	0	0	1	245	1	1304	-1	0
study_343	2512047052	99.2	245	0	1	1	245	1	1411	-1	0
study_316	648276634	99.6	246	0	1	1	245	1	1507	-1	0
study_325	649989970	98.8	245	3	0	1	245	1	1515	-1	0
study_32	648276634	100.0	245	0	0	1	245	1	1507	-1	0
study_321	2519899684	100.0	245	0	0	1	245	1	1387	-1	0
study_342	647000294	100.0	245	0	0	1	245	1	1423	-1	0
study_34	651324039	99.6	245	1	0	1	245	1	1526	-1	0
study_311	2512047052	98.4	245	2	1	1	245	1	1411	-1	0
study_324	2651870246	90.6	245	23	0	1	245	1	1533	-1	0
study_326	2639762917	99.2	245	1	1	1	245	1	1526	-1	0
study_344	651324083	93.5	245	16	0	1	245	1	1513	-1	0
study_345	2519899684	95.9	246	9	1	1	245	1	1387	-1	0
study_348	649989989	99.6	245	1	0	1	245	1	1427	-1	0
study_347	2562617166	98.8	245	2	1	1	245	1	1513	-1	0
study_349	2687453168	99.6	245	0	1	1	245	1	1529	-1	0
study_350	649989900	100.0	245	0	0	1	245	1	1526	-1	0
study_352	650377947	99.2	245	2	0	1	245	1	1420	-1	0
study_351	2558860286	100.0	245	0	0	1	245	1	1469	-1	0
study_346	2645727882	100.0	245	0	0	1	245	1	1426	-1	0
study_354	2558860925	100.0	245	0	0	1	245	1	1469	-1	0
study_361	2593339156	100.0	245	0	0	1	245	1	1253	-1	0
study_356	2718218191	95.1	245	11	1	1	245	1	1533	-1	0
study_353	2600254991	99.2	245	2	0	1	245	1	1510	-1	0
study_223	2513237261	100.0	245	0	0	1	245	1	1526	-1	0
study_357	2585428037	93.9	245	15	0	1	245	1	1419	-1	0
study_366	2695420794	100.0	245	0	0	1	245	1	1251	-1	0
study_365	2600255237	99.6	245	1	0	1	245	1	1512	-1	0
study_340	648276634	99.2	245	1	1	1	245	1	1507	-1	0
study_368	640753039	99.6	245	0	1	1	245	1	1485	-1	0
study_37	2588254069	100.0	245	0	0	1	245	1	1509	-1	0
study_359	645951802	100.0	245	0	0	1	245	1	1535	-1	0
study_355	651324039	100.0	245	0	0	1	245	1	1526	-1	0
study_367	649633043	92.7	245	18	0	1	245	1	1489	-1	0
study_362	2537561962	100.0	245	0	0	1	245	1	1539	-1	0
study_313	2597489879	99.6	245	0	1	1	245	1	1504	-1	0
study_322	2513237338	99.2	246	1	1	1	245	1	1499	-1	0
study_310	2541047092	100.0	245	0	0	1	245	1	1521	-1	0
study_336	650377947	100.0	245	0	0	1	245	1	1420	-1	0
study_379	2534682104_cluster	90.6	245	23	0	1	245	1	1508	-1	0
study_308	2561511082	100.0	245	0	0	1	245	1	1388	-1	0
study_399	2562617099	98.0	245	4	1	1	245	1	1489	-1	0
study_314	2513237343	98.4	245	4	0	1	245	1	1503	-1	0
study_389	650377965	99.6	245	0	1	1	245	1	1504	-1	0
study_333	2630968451_cluster	100.0	245	0	0	1	245	1	1519	-1	0
study_388	2588254075	99.6	245	1	0	1	245	1	1509	-1	0
study_360	2734482253	97.6	246	5	1	1	245	1	1514	-1	0
study_36	651324034	100.0	245	0	0	1	245	1	1514	-1	0
study_394	647533197	99.6	245	1	0	1	245	1	1415	-1	0
study_363	645951819	100.0	245	0	0	1	245	1	1520	-1	0
study_295	2740892381	96.7	245	7	1	1	245	1	1518	-1	0
study_377	647533114	99.6	245	0	1	1	245	1	1414	-1	0
study_383	641736133	100.0	245	0	0	1	245	1	1502	-1	0
study_40	647533176	100.0	245	0	0	1	245	1	1427	-1	0
study_320	648861006	100.0	245	0	0	1	245	1	1522	-1	0
study_38	2531839303	100.0	245	0	0	1	245	1	1511	-1	0
study_369	2585428190	100.0	245	0	0	1	245	1	1277	-1	0
study_380	2684623233	99.6	245	1	0	1	245	1	1512	-1	0
study_339	2562617079	97.1	245	7	0	1	245	1	1489	-1	0
study_376	2565956591	90.2	245	24	0	1	245	1	1413	-1	0
study_370	2548876973	99.2	245	0	1	1	245	1	1431	-1	0
study_265	2507262051	93.1	245	17	0	1	245	1	1350	-1	0
study_371	2513237394_cluster	100.0	245	0	0	1	245	1	1527	-1	0
study_400	2513237275	97.6	245	6	0	1	245	1	1421	-1	0
study_41	2515154074	99.2	245	0	2	1	245	1	1410	-1	0
study_387	2545555826	100.0	245	0	0	1	245	1	1392	-1	0
study_403	649989951	99.6	245	1	0	1	245	1	1303	-1	0
study_409	2558860284	100.0	245	0	0	1	245	1	1429	-1	0
study_374	640753008	99.6	245	0	1	1	245	1	1504	-1	0
study_372	2515154071	99.6	245	1	0	1	245	1	1382	-1	0
study_408	2537561628	98.8	245	3	0	1	245	1	1455	-1	0
study_384	642979305	99.6	245	0	1	1	245	1	1486	-1	0
study_381	648276634	100.0	245	0	0	1	245	1	1507	-1	0
study_411	2551306135	100.0	245	0	0	1	245	1	1413	-1	0
study_395	645951857	100.0	245	0	0	1	245	1	1438	-1	0
study_393	2506520045	98.8	245	3	0	1	245	1	1394	-1	0
study_386	2734482253	100.0	245	0	0	1	245	1	1514	-1	0
study_39	644736367	100.0	245	0	0	1	245	1	1504	-1	0
study_407	2529292932	95.5	245	11	0	1	245	1	1512	-1	0
study_417	2713896879	95.9	246	9	1	1	245	1	1521	-1	0
study_391	649633093	100.0	245	0	0	1	245	1	1510	-1	0
study_406	2754412935	97.1	245	7	0	1	245	1	1510	-1	0
study_398	2537561696	99.6	245	1	0	1	245	1	1311	-1	0
study_378	2547132291	100.0	245	0	0	1	245	1	1421	-1	0
study_405	651324039	99.6	245	1	0	1	245	1	1526	-1	0
study_42	646564552	100.0	245	0	0	1	245	1	1517	-1	0
study_419	649989956	100.0	245	0	0	1	245	1	1523	-1	0
study_390	651324083	93.1	245	17	0	1	245	1	1513	-1	0
study_396	2529292749_cluster	100.0	245	0	0	1	245	1	1342	-1	0
study_4	2585428022	100.0	245	0	0	1	245	1	1337	-1	0
study_397	650377947	98.8	246	2	1	1	245	1	1420	-1	0
study_402	645951848	99.2	245	0	1	1	245	1	1487	-1	0
study_414	649989970	98.8	245	2	1	1	245	1	1515	-1	0
study_413	2671181089	100.0	245	0	0	1	245	1	1274	-1	0
study_418	640753039	99.6	245	1	0	1	245	1	1485	-1	0
study_412	2636415786	100.0	245	0	0	1	245	1	1524	-1	0
study_410	650377947	98.4	245	3	1	1	245	1	1420	-1	0
study_416	647533231	100.0	245	0	0	1	245	1	1428	-1	0
study_404	2565956591	89.8	245	25	0	1	245	1	1413	-1	0
study_425	2636415718	99.2	245	2	0	1	245	1	1403	-1	0
study_428	2524614847	98.0	245	5	0	1	245	1	1394	-1	0
study_421	642791604	100.0	245	0	0	1	245	1	1504	-1	0
study_420	2513237338	99.6	245	1	0	1	245	1	1499	-1	0
study_415	2744054922	91.8	245	20	0	1	245	1	1543	-1	0
study_427	648276634	98.4	246	2	2	1	245	1	1507	-1	0
study_422	2700989568	100.0	245	0	0	1	245	1	1251	-1	0
study_423	2540341165	100.0	245	0	0	1	245	1	1465	-1	0
study_436	2636415718	100.0	245	0	0	1	245	1	1403	-1	0
study_364	2512047052	99.2	245	0	1	1	245	1	1411	-1	0
study_273	641736196	99.6	245	1	0	1	245	1	1511	-1	0
study_431	2740892377	99.6	245	1	0	1	245	1	1279	-1	0
study_373	2534681854	99.6	245	0	1	1	245	1	1511	-1	0
study_435	2562617166	99.2	245	1	1	1	245	1	1513	-1	0
study_447	2537561577	100.0	245	0	0	1	245	1	1512	-1	0
study_434	2728368966	100.0	245	0	0	1	245	1	1282	-1	0
study_261	645951833	99.6	246	0	1	1	245	1	1548	-1	0
study_401	651324034	100.0	245	0	0	1	245	1	1514	-1	0
study_440	647000290	100.0	245	0	0	1	245	1	1316	-1	0
study_445	2513237394_cluster	100.0	245	0	0	1	245	1	1527	-1	0
study_424	648276620	99.6	245	0	1	1	245	1	1389	-1	0
study_442	2751185640	91.2	249	18	1	1	245	1	1499	-1	0
study_446	649989983	100.0	245	0	0	1	245	1	1545	-1	0
study_443	2502171150	100.0	245	0	0	1	245	1	1525	-1	0
study_430	651324010	100.0	245	0	0	1	245	1	1511	-1	0
study_465	2548876842	99.6	246	0	1	1	245	1	1413	-1	0
study_45	649989951	96.3	245	9	0	1	245	1	1303	-1	0
study_454	2562617169	100.0	245	0	0	1	245	1	1527	-1	0
study_453	2565956591	91.0	245	22	0	1	245	1	1413	-1	0
study_466	649989957	100.0	245	0	0	1	245	1	1500	-1	0
study_437	649989950	99.6	245	0	1	1	245	1	1330	-1	0
study_438	649989989	99.2	245	2	0	1	245	1	1427	-1	0
study_43	648861015	100.0	245	0	0	1	245	1	1403	-1	0
study_452	2636415718	99.6	245	1	0	1	245	1	1403	-1	0
study_44	2503754051	99.6	245	1	0	1	245	1	1414	-1	0
study_475	2558860395	99.6	245	1	0	1	245	1	1503	-1	0
study_470	2728369265	95.5	245	11	0	1	245	1	1513	-1	0
study_450	2513237374	99.6	245	0	1	1	245	1	1389	-1	0
study_462	2512047076	100.0	245	0	0	1	245	1	1502	-1	0
study_456	645951869	100.0	245	0	0	1	245	1	1487	-1	0
study_476	641736196	90.2	245	24	0	1	245	1	1511	-1	0
study_471	2531839472	100.0	245	0	0	1	245	1	1539	-1	0
study_478	2639762917	98.4	245	3	1	1	245	1	1526	-1	0
study_479	2513237395_cluster	100.0	245	0	0	1	245	1	1536	-1	0
study_455	2551306355	100.0	245	0	0	1	245	1	1297	-1	0
study_468	2740892377	99.6	245	1	0	1	245	1	1279	-1	0
study_474	2681813063	100.0	245	0	0	1	245	1	1551	-1	0
study_451	646862345	100.0	245	0	0	1	245	1	1434	-1	0
study_460	643886116	100.0	245	0	0	1	245	1	1504	-1	0
study_463	2585427920	99.2	245	1	1	1	245	1	1415	-1	0
study_461	2565956591	90.2	245	24	0	1	245	1	1413	-1	0
study_457	2513237313	92.2	245	19	0	1	245	1	1512	-1	0
study_464	2531839345	99.6	245	1	0	1	245	1	1304	-1	0
study_469	2513237280	100.0	245	0	0	1	245	1	1509	-1	0
study_473	2576861570	99.6	245	1	0	1	245	1	1498	-1	0
study_472	651324006	98.0	245	2	1	1	245	1	1531	-1	0
study_467	2585427805	100.0	245	0	0	1	245	1	1398	-1	0
study_48	2558860927	100.0	245	0	0	1	245	1	1458	-1	0
study_47	651324039	100.0	245	0	0	1	245	1	1526	-1	0
study_448	2671181057_cluster	100.0	245	0	0	1	245	1	1447	-1	0
study_382	651324005	100.0	245	0	0	1	245	1	1537	-1	0
study_482	651324039	99.6	245	1	0	1	245	1	1526	-1	0
study_459	2585427812	96.7	245	8	0	1	245	1	1374	-1	0
study_458	2713896879	99.2	245	2	0	1	245	1	1521	-1	0
study_49	645058719	100.0	245	0	0	1	245	1	1483	-1	0
study_477	651324034	100.0	245	0	0	1	245	1	1514	-1	0
study_484	647000271_cluster	100.0	245	0	0	1	245	1	1510	-1	0
study_485	2593339156	98.4	245	3	1	1	245	1	1253	-1	0
study_480	2502171150	99.2	245	0	1	1	245	1	1525	-1	0
study_491	642979351	99.2	245	2	0	1	245	1	1298	-1	0
study_441	2582580727	94.7	246	12	1	1	245	1	1285	-1	0
study_46	2585427614	100.0	245	0	0	1	245	1	1505	-1	0
study_483	648861010	99.6	245	1	0	1	245	1	1421	-1	0
study_486	2645727882	99.2	245	0	2	1	245	1	1426	-1	0
study_496	2565956591	91.4	245	20	1	1	245	1	1413	-1	0
study_493	648276676	99.2	245	2	0	1	245	1	1276	-1	0
study_392	2558860395	99.2	245	2	0	1	245	1	1503	-1	0
study_449	651324074	99.2	245	2	0	1	245	1	1527	-1	0
study_494	649989970	98.4	245	4	0	1	245	1	1515	-1	0
study_358	2718217940	99.2	246	1	1	1	245	1	1552	-1	0
study_5	2503754051	99.6	245	1	0	1	245	1	1414	-1	0
study_487	2579778709	100.0	245	0	0	1	245	1	1418	-1	0
study_492	650377947	100.0	245	0	0	1	245	1	1420	-1	0
study_444	2558860355	100.0	245	0	0	1	245	1	1527	-1	0
study_503	2515154074	98.8	245	0	3	1	245	1	1410	-1	0
study_488	648861015	99.6	245	0	1	1	245	1	1403	-1	0
study_500	2524023137	97.6	245	3	1	1	245	1	1429	-1	0
study_498	2515154132_cluster	100.0	245	0	0	1	245	1	1428	-1	0
study_499	2534681982	99.2	246	1	1	1	245	1	1493	-1	0
study_489	647533231	100.0	245	0	0	1	245	1	1428	-1	0
study_507	2513237338	86.5	245	33	0	1	245	1	1499	-1	0
study_490	2619619242	98.8	245	3	0	1	245	1	1312	-1	0
study_495	647533231	100.0	245	0	0	1	245	1	1428	-1	0
study_515	2534682104_cluster	91.4	245	21	0	1	245	1	1508	-1	0
study_518	2503754051	99.2	245	2	0	1	245	1	1414	-1	0
study_517	2562617099	99.2	245	2	0	1	245	1	1489	-1	0
study_502	2534681982	99.6	245	1	0	1	245	1	1493	-1	0
study_514	644736366	99.2	246	1	1	1	245	1	1501	-1	0
study_50	2534682211	94.7	245	13	0	1	245	1	1506	-1	0
study_513	2585427614	100.0	245	0	0	1	245	1	1505	-1	0
study_509	2585427867	99.6	245	1	0	1	245	1	1409	-1	0
study_511	2724679383	100.0	245	0	0	1	245	1	1368	-1	0
study_505	642979334	100.0	245	0	0	1	245	1	1511	-1	0
study_506	2562617160	100.0	245	0	0	1	245	1	1504	-1	0
study_504	641736205	99.6	245	0	1	1	245	1	1511	-1	0
study_510	2513237394_cluster	99.6	245	0	1	1	245	1	1527	-1	0
study_497	649989951	96.3	245	9	0	1	245	1	1303	-1	0
study_516	2518645604	99.2	245	1	1	1	245	1	1406	-1	0
study_534	2505119041_cluster	87.9	248	27	1	1	245	1	1403	-1	0
study_52	2593339156	100.0	245	0	0	1	245	1	1253	-1	0
study_508	650377947	99.6	245	1	0	1	245	1	1420	-1	0
study_537	2651869868	98.4	245	2	1	1	245	1	1520	-1	0
study_51	641736196	100.0	245	0	0	1	245	1	1511	-1	0
study_519	2585427909	100.0	245	0	0	1	245	1	1412	-1	0
study_512	2531839552	98.4	245	4	0	1	245	1	1503	-1	0
study_530	2540341165	99.6	245	1	0	1	245	1	1465	-1	0
study_538	2627853624	83.7	245	40	0	1	245	1	1528	-1	0
study_522	2585427909	92.7	245	18	0	1	245	1	1412	-1	0
study_536	2562617166	98.0	245	4	1	1	245	1	1513	-1	0
study_541	647000218	85.7	245	35	0	1	245	1	1384	-1	0
study_526	2562617079	96.7	245	8	0	1	245	1	1489	-1	0
study_528	2513237313	92.2	245	19	0	1	245	1	1512	-1	0
study_525	648861015	99.6	246	0	1	1	245	1	1403	-1	0
study_529	2588254083	99.6	245	1	0	1	245	1	1505	-1	0
study_54	641736196	99.6	245	1	0	1	245	1	1511	-1	0
study_527	2579778737	99.6	245	1	0	1	245	1	1417	-1	0
study_53	642979305	100.0	245	0	0	1	245	1	1486	-1	0
study_542	2579778709	93.5	246	15	1	1	245	1	1418	-1	0
study_524	2645727882	100.0	245	0	0	1	245	1	1426	-1	0
study_531	2534681820	98.4	245	4	0	1	245	1	1487	-1	0
study_533	647533180	99.6	245	1	0	1	245	1	1428	-1	0
study_549	2561511033	87.4	246	30	1	1	245	1	1377	-1	0
study_548	2585428153	94.7	245	13	0	1	245	1	1292	-1	0
study_544	642979305	100.0	245	0	0	1	245	1	1486	-1	0
study_532	648276723	99.6	245	0	1	1	245	1	1258	-1	0
study_554	2513237123	94.7	247	11	1	1	245	1	1404	-1	0
study_539	2537561950	99.6	245	0	1	1	245	1	1333	-1	0
study_552	2645727882	100.0	245	0	0	1	245	1	1426	-1	0
study_547	649989900	99.6	246	0	1	1	245	1	1526	-1	0
study_375	2551306541	99.6	246	0	1	1	245	1	1392	-1	0
study_523	648861015	100.0	245	0	0	1	245	1	1403	-1	0
study_543	647000331	100.0	245	0	0	1	245	1	1506	-1	0
study_545	2617271208	100.0	245	0	0	1	245	1	1524	-1	0
study_540	2529292749_cluster	100.0	245	0	0	1	245	1	1342	-1	0
study_550	2548877151_cluster	93.9	245	14	1	1	245	1	1403	-1	0
study_557	2558309012	94.3	245	14	0	1	245	1	1395	-1	0
study_553	2585428116	100.0	245	0	0	1	245	1	1396	-1	0
study_559	641736196	99.2	245	2	0	1	245	1	1511	-1	0
study_55	2684622558_cluster	97.1	245	7	0	1	245	1	1523	-1	0
study_563	2636415718	99.2	245	2	0	1	245	1	1403	-1	0
study_560	2551306563	98.4	245	4	0	1	245	1	1396	-1	0
study_562	645058770	98.8	247	1	1	1	245	1	1538	-1	0
study_565	2534682104_cluster	92.3	246	18	1	1	245	1	1508	-1	0
study_551	643692019	100.0	245	0	0	1	245	1	1496	-1	0
study_568	2515154074	98.8	245	1	2	1	245	1	1410	-1	0
study_558	2513020024_cluster	99.2	246	0	2	1	245	1	1413	-1	0
study_571	2518645603	93.1	245	16	1	1	245	1	1268	-1	0
study_566	2558860923	98.8	245	1	2	1	245	1	1402	-1	0
study_574	2563366727	82.9	251	37	1	1	245	1	1403	-1	0
study_58	640753039	100.0	245	0	0	1	245	1	1485	-1	0
study_57	2515154074	99.2	245	0	2	1	245	1	1410	-1	0
study_555	2537561989	100.0	245	0	0	1	245	1	1331	-1	0
study_575	2563367172	94.7	246	12	1	1	245	1	1490	-1	0
study_578	2548876973	98.4	245	2	1	1	245	1	1431	-1	0
study_564	2617271208	99.2	245	2	0	1	245	1	1524	-1	0
study_570	645951840	99.6	245	0	1	1	245	1	1511	-1	0
study_561	2571042594	99.6	245	1	0	1	245	1	1428	-1	0
study_567	2731957663	100.0	245	0	0	1	245	1	1281	-1	0
study_573	2515154074	99.2	245	0	2	1	245	1	1410	-1	0
study_572	2654588123	99.6	245	0	1	1	245	1	1554	-1	0
study_56	2512047052	99.2	245	0	1	1	245	1	1411	-1	0
study_569	2600254991	100.0	245	0	0	1	245	1	1510	-1	0
study_577	2565956591	90.2	245	24	0	1	245	1	1413	-1	0
study_306	2562617177_cluster	99.6	245	0	1	1	245	1	1534	-1	0
study_588	649989971	99.6	245	0	1	1	245	1	1538	-1	0
study_580	2523533622	99.6	245	1	0	1	245	1	1428	-1	0
study_6	2724679383	100.0	245	0	0	1	245	1	1368	-1	0
study_583	642979305	99.6	245	1	0	1	245	1	1486	-1	0
study_599	2537561773	99.6	245	1	0	1	245	1	1434	-1	0
study_594	643886113	98.8	245	2	1	1	245	1	1450	-1	0
study_581	2585428085	95.5	245	11	0	1	245	1	1392	-1	0
study_592	2529293058	100.0	245	0	0	1	245	1	1509	-1	0
study_576	645951840	100.0	245	0	0	1	245	1	1511	-1	0
study_60	649989951	97.6	245	6	0	1	245	1	1303	-1	0
study_582	2513237267	100.0	245	0	0	1	245	1	1512	-1	0
study_556	2597490368	99.6	245	1	0	1	245	1	1428	-1	0
study_587	2684622538	83.1	249	37	2	1	245	1	1524	-1	0
study_603	2579778709	99.6	245	1	0	1	245	1	1418	-1	0
study_606	2558309036	99.2	245	2	0	1	245	1	1339	-1	0
study_589	2513237274	93.5	245	13	1	1	245	1	1501	-1	0
study_615	2740892381	97.6	245	6	0	1	245	1	1518	-1	0
study_605	649633043	94.7	245	13	0	1	245	1	1489	-1	0
study_618	645951834	96.3	245	9	0	1	245	1	1511	-1	0
study_591	2574180222	100.0	245	0	0	1	245	1	1258	-1	0
study_61	647000296	100.0	245	0	0	1	245	1	1505	-1	0
study_385	2537561696	99.6	245	1	0	1	245	1	1311	-1	0
study_609	643886113	98.0	245	4	1	1	245	1	1450	-1	0
study_614	2513237311	93.5	245	16	0	1	245	1	1499	-1	0
study_62	2695420794	100.0	245	0	0	1	245	1	1251	-1	0
study_611	2534681746	99.6	245	0	1	1	245	1	1453	-1	0
study_59	2513237394_cluster	100.0	245	0	0	1	245	1	1527	-1	0
study_623	645951840	99.6	245	0	1	1	245	1	1511	-1	0
study_598	2574179786	96.3	245	9	0	1	245	1	1385	-1	0
study_432	2513237394_cluster	99.6	245	0	1	1	245	1	1527	-1	0
study_429	649989983	99.2	245	1	1	1	245	1	1545	-1	0
study_586	648861010	99.6	245	1	0	1	245	1	1421	-1	0
study_579	651324034	99.2	245	2	0	1	245	1	1514	-1	0
study_595	2531839552	100.0	245	0	0	1	245	1	1503	-1	0
study_596	2565956591	89.8	245	25	0	1	245	1	1413	-1	0
study_590	2517572005	95.1	245	11	1	1	245	1	1338	-1	0
study_613	650377947	99.2	245	2	0	1	245	1	1420	-1	0
study_585	651324090	99.6	245	1	0	1	245	1	1513	-1	0
study_501	650377965	95.9	245	9	1	1	245	1	1504	-1	0
study_439	2547132035	82.7	249	39	1	1	245	1	1402	-1	0
study_627	651324039	99.6	246	0	1	1	245	1	1526	-1	0
study_621	2645727882	100.0	245	0	0	1	245	1	1426	-1	0
study_626	651324034	100.0	245	0	0	1	245	1	1514	-1	0
study_628	650377947	98.8	245	2	1	1	245	1	1420	-1	0
study_641	2548876509	100.0	245	0	0	1	245	1	1253	-1	0
study_584	645058770	100.0	245	0	0	1	245	1	1538	-1	0
study_630	2513237338	99.6	245	0	1	1	245	1	1499	-1	0
study_600	2667527865	100.0	245	0	0	1	245	1	1419	-1	0
study_481	2574179727	99.6	245	1	0	1	245	1	1341	-1	0
study_622	2513237245	99.6	245	0	1	1	245	1	1426	-1	0
study_604	649990021	99.6	246	0	1	1	245	1	1520	-1	0
study_602	2512047049	97.6	245	5	1	1	245	1	1318	-1	0
study_433	2684623207	100.0	245	0	0	1	245	1	1549	-1	0
study_607	2562617079	98.8	245	3	0	1	245	1	1489	-1	0
study_631	2675903629	91.8	245	20	0	1	245	1	1370	-1	0
study_635	2513237313	99.2	245	2	0	1	245	1	1512	-1	0
study_593	648861005	98.8	245	0	1	1	245	1	1506	-1	0
study_601	644736367	100.0	245	0	0	1	245	1	1504	-1	0
study_639	648861010	99.6	246	0	1	1	245	1	1421	-1	0
study_608	2524023218	100.0	245	0	0	1	245	1	1333	-1	0
study_616	2585428022	99.6	245	1	0	1	245	1	1337	-1	0
study_642	2503754051	99.6	245	1	0	1	245	1	1414	-1	0
study_625	651324034	99.6	245	0	1	1	245	1	1514	-1	0
study_637	2585427909	99.6	246	0	1	1	245	1	1412	-1	0
study_597	647000218	85.8	246	34	1	1	245	1	1384	-1	0
study_624	2518645604	99.2	245	1	1	1	245	1	1406	-1	0
study_632	2681813507	85.6	250	31	1	1	245	1	1488	-1	0
study_629	2597490181	93.5	246	15	1	1	245	1	1541	-1	0
study_35	645951817	100.0	245	0	0	1	245	1	1534	-1	0
study_535	649989970	100.0	245	0	0	1	245	1	1515	-1	0
study_426	642555104	100.0	245	0	0	1	245	1	1501	-1	0
study_610	649989970	99.2	245	0	2	1	245	1	1515	-1	0
study_634	2513237275	98.0	245	5	0	1	245	1	1421	-1	0
study_644	2588254077	100.0	245	0	0	1	245	1	1510	-1	0
study_640	651324034	100.0	245	0	0	1	245	1	1514	-1	0
study_647	2619619113	89.8	245	24	1	1	245	1	1525	-1	0
study_521	2579778737	100.0	245	0	0	1	245	1	1417	-1	0
study_633	2531839279	99.6	245	1	0	1	245	1	1451	-1	0
study_65	2684623060	99.6	246	0	1	1	245	1	1544	-1	0
study_64	2684623207	100.0	245	0	0	1	245	1	1549	-1	0
study_645	2579778707	100.0	245	0	0	1	245	1	1250	-1	0
study_638	643886207	99.6	245	0	1	1	245	1	1525	-1	0
study_649	2562617186	99.6	245	1	0	1	245	1	1527	-1	0
study_650	651324056	99.6	245	0	1	1	245	1	1502	-1	0
study_643	2547132124	99.6	245	1	0	1	245	1	1414	-1	0
study_651	649989951	96.7	245	8	0	1	245	1	1303	-1	0
study_653	2588254077	99.6	245	1	0	1	245	1	1510	-1	0
study_654	648276634	98.8	246	1	2	1	245	1	1507	-1	0
study_655	2636415758	100.0	245	0	0	1	245	1	1311	-1	0
study_659	2600255237	98.8	245	2	1	1	245	1	1512	-1	0
study_652	2558860925	99.6	246	0	1	1	245	1	1469	-1	0
study_648	643692019	100.0	245	0	0	1	245	1	1496	-1	0
study_662	2512047053	99.6	245	1	0	1	245	1	1370	-1	0
study_66	2585427900	100.0	245	0	0	1	245	1	1415	-1	0
study_658	651324083	93.5	245	16	0	1	245	1	1513	-1	0
study_656	2513237313	91.8	245	20	0	1	245	1	1512	-1	0
study_660	2509276067	81.6	245	45	0	1	245	1	1415	-1	0
study_671	645058788	100.0	245	0	0	1	245	1	1323	-1	0
study_683	2588254075	100.0	245	0	0	1	245	1	1509	-1	0
study_668	649989989	99.2	245	2	0	1	245	1	1427	-1	0
study_620	651324034	100.0	245	0	0	1	245	1	1514	-1	0
study_669	2558309012	93.9	245	15	0	1	245	1	1395	-1	0
study_657	2597490368	98.4	245	4	0	1	245	1	1428	-1	0
study_67	650377947	100.0	245	0	0	1	245	1	1420	-1	0
study_667	2619618878	86.2	246	30	2	1	245	1	1483	-1	0
study_674	2630968451_cluster	99.6	245	1	0	1	245	1	1519	-1	0
study_673	649990021	99.6	245	0	1	1	245	1	1520	-1	0
study_682	2585427722	99.6	245	0	1	1	245	1	1408	-1	0
study_686	2503754051	99.2	245	2	0	1	245	1	1414	-1	0
study_681	2684622538	83.9	249	36	1	1	245	1	1524	-1	0
study_666	650377947	99.6	246	0	1	1	245	1	1420	-1	0
study_672	651324034	99.2	245	2	0	1	245	1	1514	-1	0
study_670	649989970	99.2	245	2	0	1	245	1	1515	-1	0
study_665	2534681854	99.6	245	1	0	1	245	1	1511	-1	0
study_690	2565956591	90.6	245	22	1	1	245	1	1413	-1	0
study_663	2740892381	97.1	245	7	0	1	245	1	1518	-1	0
study_687	2713896879	95.1	246	11	1	1	245	1	1521	-1	0
study_661	2579778709	99.6	245	1	0	1	245	1	1418	-1	0
study_688	643886193	99.6	246	0	1	1	245	1	1527	-1	0
study_664	2574179786	97.2	246	6	1	1	245	1	1385	-1	0
study_675	2684623060	99.2	246	1	1	1	245	1	1544	-1	0
study_704	2534682104_cluster	91.5	246	20	1	1	245	1	1508	-1	0
study_679	2609460018	100.0	245	0	0	1	245	1	1538	-1	0
study_685	2548876979	97.6	245	6	0	1	245	1	1320	-1	0
study_684	643886148_cluster	100.0	245	0	0	1	245	1	1469	-1	0
study_680	648276634	99.6	245	1	0	1	245	1	1507	-1	0
study_612	2537561989	100.0	245	0	0	1	245	1	1331	-1	0
study_7	2588254077	100.0	245	0	0	1	245	1	1510	-1	0
study_697	649989951	98.4	245	4	0	1	245	1	1303	-1	0
study_70	2684622558_cluster	98.8	245	3	0	1	245	1	1523	-1	0
study_69	650377966	100.0	245	0	0	1	245	1	1393	-1	0
study_689	2734482253	99.6	245	1	0	1	245	1	1514	-1	0
study_677	2548876509	99.6	245	1	0	1	245	1	1253	-1	0
study_703	2509276067	80.4	245	48	0	1	245	1	1415	-1	0
study_695	2531839552	99.6	245	0	1	1	245	1	1503	-1	0
study_692	2654587520	100.0	245	0	0	1	245	1	1541	-1	0
study_694	643886207	99.2	245	1	1	1	245	1	1525	-1	0
study_696	2531839012	100.0	245	0	0	1	245	1	1264	-1	0
study_705	2523231016	100.0	245	0	0	1	245	1	1412	-1	0
study_702	643886113	100.0	245	0	0	1	245	1	1450	-1	0
study_676	649633093	100.0	245	0	0	1	245	1	1510	-1	0
study_701	2558860927	100.0	245	0	0	1	245	1	1458	-1	0
study_698	643886110	100.0	245	0	0	1	245	1	1309	-1	0
study_707	2531839472	98.8	247	1	1	1	245	1	1539	-1	0
study_699	651324020	95.5	247	9	1	1	245	1	1499	-1	0
study_709	2558309012	94.3	245	14	0	1	245	1	1395	-1	0
study_693	2623620526	99.2	245	0	2	1	245	1	1533	-1	0
study_691	2627853814	91.4	245	20	1	1	245	1	1426	-1	0
study_708	641736169	100.0	245	0	0	1	245	1	1392	-1	0
study_700	2645727882	100.0	245	0	0	1	245	1	1426	-1	0
study_713	2562617079	98.4	245	4	0	1	245	1	1489	-1	0
study_71	2513237323	100.0	245	0	0	1	245	1	1513	-1	0
study_717	2537561696	98.4	245	4	0	1	245	1	1311	-1	0
study_714	2551306541	100.0	197	0	0	1	245	1	1392	-1	0
study_619	645951833	99.6	245	0	1	1	245	1	1548	-1	0
study_716	2529293266	100.0	245	0	0	1	245	1	1507	-1	0
study_718	2648501192	91.0	245	22	0	1	245	1	1442	-1	0
study_711	2619618878	86.9	245	29	1	1	245	1	1483	-1	0
study_710	2558860930	100.0	245	0	0	1	245	1	1503	-1	0
study_646	2529293168	98.4	245	4	0	1	245	1	1344	-1	0
study_715	650377947	99.2	246	1	1	1	245	1	1420	-1	0
study_719	2534682104_cluster	90.2	246	22	2	1	245	1	1508	-1	0
study_706	2529292584	99.6	245	1	0	1	245	1	1414	-1	0
study_723	2534682104_cluster	92.3	246	18	1	1	245	1	1508	-1	0
study_727	650377969	99.6	245	1	0	1	245	1	1493	-1	0
study_728	2728369265	95.1	245	12	0	1	245	1	1513	-1	0
study_721	649989951	97.1	245	7	0	1	245	1	1303	-1	0
study_725	2537561773	100.0	245	0	0	1	245	1	1434	-1	0
study_722	644736367	99.6	245	1	0	1	245	1	1504	-1	0
study_738	2547132153	99.6	245	1	0	1	245	1	1417	-1	0
study_729	647533135	100.0	245	0	0	1	245	1	1260	-1	0
study_736	2513237338	99.6	245	1	0	1	245	1	1499	-1	0
study_720	2537561942	100.0	241	0	0	1	245	1	1433	-1	0
study_724	2513237261	99.6	245	1	0	1	245	1	1526	-1	0
study_730	2684622538	83.5	249	37	1	1	245	1	1524	-1	0
study_712	2636415718	99.6	245	1	0	1	245	1	1403	-1	0
study_734	2513237338	92.2	245	17	2	1	245	1	1499	-1	0
study_73	2684622558_cluster	99.2	245	2	0	1	245	1	1523	-1	0
study_732	2541048003	100.0	245	0	0	1	245	1	1526	-1	0
study_737	2585428083	99.6	245	1	0	1	245	1	1259	-1	0
study_735	2562617188	98.4	245	3	1	1	245	1	1505	-1	0
study_74	2537561582	98.8	245	3	0	1	245	1	1268	-1	0
study_741	645058800	99.6	246	0	1	1	245	1	1458	-1	0
study_733	2529292749_cluster	99.6	245	1	0	1	245	1	1342	-1	0
study_740	2537561577	99.6	245	1	0	1	245	1	1512	-1	0
study_745	2529292932	85.7	245	33	1	1	245	1	1512	-1	0
study_739	2531839741	98.8	245	3	0	1	245	1	1384	-1	0
study_743	651324023	100.0	245	0	0	1	245	1	1518	-1	0
study_749	2675903154	93.5	245	16	0	1	245	1	1513	-1	0
study_72	2740892381	100.0	245	0	0	1	245	1	1518	-1	0
study_764	2558309122	98.4	245	4	0	1	245	1	1499	-1	0
study_726	2684623233	100.0	245	0	0	1	245	1	1512	-1	0
study_769	2524614766	98.0	245	5	0	1	245	1	1383	-1	0
study_746	648276634	97.6	245	2	1	1	245	1	1507	-1	0
study_744	2513237313	99.6	245	1	0	1	245	1	1512	-1	0
study_747	651324005	99.2	245	0	1	1	245	1	1537	-1	0
study_753	2512047052	100.0	245	0	0	1	245	1	1411	-1	0
study_758	2585427900	99.6	245	1	0	1	245	1	1415	-1	0
study_68	2537561950	99.6	245	0	1	1	245	1	1333	-1	0
study_771	2565956594	100.0	245	0	0	1	245	1	1415	-1	0
study_75	2615840601	83.3	251	36	1	1	245	1	1489	-1	0
study_762	2645727571	79.6	269	31	1	1	245	1	1554	-1	0
study_770	2619619272	99.2	245	2	0	1	245	1	1311	-1	0
study_77	2740892381	97.1	245	7	0	1	245	1	1518	-1	0
study_742	2585428022	99.2	246	1	1	1	245	1	1337	-1	0
study_755	2551306355	97.1	245	7	0	1	245	1	1297	-1	0
study_774	2675903629	99.6	246	0	1	1	245	1	1370	-1	0
study_775	2541048001	96.7	245	5	1	1	245	1	1517	-1	0
study_777	2582580993	85.0	247	35	1	1	245	1	1424	-1	0
study_748	2654588123	99.2	245	2	0	1	245	1	1554	-1	0
study_754	2579778709	93.1	245	17	0	1	245	1	1418	-1	0
study_767	2565956591	90.2	245	24	0	1	245	1	1413	-1	0
study_779	2513237348	100.0	245	0	0	1	245	1	1517	-1	0
study_751	2579778709	93.9	247	13	2	1	245	1	1418	-1	0
study_76	649989970	99.6	245	0	1	1	245	1	1515	-1	0
study_761	2512047045_cluster	100.0	245	0	0	1	245	1	1401	-1	0
study_765	2515154211	83.0	247	40	1	1	245	1	1403	-1	0
study_772	2562617167	100.0	245	0	0	1	245	1	1527	-1	0
study_766	2740892381	99.6	246	0	1	1	245	1	1518	-1	0
study_756	649989970	100.0	245	0	0	1	245	1	1515	-1	0
study_752	2563367173	91.0	245	21	1	1	245	1	1499	-1	0
study_781	648861015	100.0	245	0	0	1	245	1	1403	-1	0
study_759	2562617079	98.8	245	3	0	1	245	1	1489	-1	0
study_763	2513237275	98.4	245	4	0	1	245	1	1421	-1	0
study_778	2512047050	100.0	245	0	0	1	245	1	1398	-1	0
study_760	2534682104_cluster	91.9	246	19	1	1	245	1	1508	-1	0
study_773	2602041668	99.6	245	1	0	1	245	1	1318	-1	0
study_768	2537561696	99.6	245	0	1	1	245	1	1311	-1	0
study_785	2513237263	99.6	245	1	0	1	245	1	1514	-1	0
study_782	651324074	100.0	245	0	0	1	245	1	1527	-1	0
study_787	640753039	99.6	245	1	0	1	245	1	1485	-1	0
study_678	2574179786	96.7	245	8	0	1	245	1	1385	-1	0
study_783	648861005	98.4	245	1	1	1	245	1	1506	-1	0
study_780	2531839472	100.0	245	0	0	1	245	1	1539	-1	0
study_784	647000283	99.2	247	0	2	1	245	1	1526	-1	0
study_789	2513237349	100.0	245	0	0	1	245	1	1547	-1	0
study_788	2512047045_cluster	100.0	245	0	0	1	245	1	1401	-1	0
study_793	2651869761	79.6	245	50	0	1	245	1	1528	-1	0
study_795	2512047049	97.6	245	5	1	1	245	1	1318	-1	0
study_798	2565956591	89.8	245	25	0	1	245	1	1413	-1	0
study_79	2547132276	100.0	245	0	0	1	245	1	1401	-1	0
study_791	2585428022	100.0	245	0	0	1	245	1	1337	-1	0
study_794	2548876973	99.2	245	0	1	1	245	1	1431	-1	0
study_750	649989983	99.2	245	2	0	1	245	1	1545	-1	0
study_799	2713896879	95.1	246	10	2	1	245	1	1521	-1	0
study_790	650377947	99.2	245	1	1	1	245	1	1420	-1	0
study_797	2585428022	99.2	246	1	1	1	245	1	1337	-1	0
study_80	2574179786	97.2	246	6	1	1	245	1	1385	-1	0
study_8	2562617167	100.0	245	0	0	1	245	1	1527	-1	0
study_802	2734482253	97.6	246	5	1	1	245	1	1514	-1	0
study_800	645058719	100.0	245	0	0	1	245	1	1483	-1	0
study_805	650377965	99.6	246	0	1	1	245	1	1504	-1	0
study_807	643886193	100.0	245	0	0	1	245	1	1527	-1	0
study_796	2523533587	86.5	245	31	1	1	245	1	1397	-1	0
study_811	2593339156	100.0	245	0	0	1	245	1	1253	-1	0
study_804	648276675	100.0	245	0	0	1	245	1	1488	-1	0
study_818	2695420794	100.0	245	0	0	1	245	1	1251	-1	0
study_801	2693429689	98.0	245	5	0	1	245	1	1509	-1	0
study_822	2651869761	100.0	245	0	0	1	245	1	1528	-1	0
study_81	648861006	98.8	245	3	0	1	245	1	1522	-1	0
study_817	2537561989	100.0	245	0	0	1	245	1	1331	-1	0
study_815	2600254991	99.2	245	2	0	1	245	1	1510	-1	0
study_806	648861005	98.4	245	1	1	1	245	1	1506	-1	0
study_820	2512047052	99.2	245	0	1	1	245	1	1411	-1	0
study_821	645951819	98.8	246	2	1	1	245	1	1520	-1	0
study_810	2585427834	93.1	245	17	0	1	245	1	1399	-1	0
study_792	2619619113	90.2	245	24	0	1	245	1	1525	-1	0
study_813	2565956508	83.3	251	36	2	1	245	1	1365	-1	0
study_82	2558860404_cluster	99.6	246	0	1	1	245	1	1504	-1	0
study_825	2636415467	88.6	245	26	1	1	245	1	1521	-1	0
study_826	2537561696	96.7	245	8	0	1	245	1	1311	-1	0
study_809	651324039	99.2	246	1	1	1	245	1	1526	-1	0
study_803	2574180443	91.0	245	22	0	1	245	1	1396	-1	0
study_814	2509601036	100.0	245	0	0	1	245	1	1416	-1	0
study_823	2513237306	100.0	245	0	0	1	245	1	1491	-1	0
study_824	2505119041_cluster	88.2	246	28	1	1	245	1	1403	-1	0
study_812	2639762740	93.9	245	15	0	1	245	1	1514	-1	0
study_841	2565956591	90.6	245	23	0	1	245	1	1413	-1	0
study_819	647000283	100.0	245	0	0	1	245	1	1526	-1	0
study_843	647000218	85.4	246	35	1	1	245	1	1384	-1	0
study_844	2740892381	97.6	245	5	1	1	245	1	1518	-1	0
study_827	2600254991	99.2	245	2	0	1	245	1	1510	-1	0
study_846	2548876979	97.1	245	6	1	1	245	1	1320	-1	0
study_85	2585427850	93.9	246	14	1	1	245	1	1540	-1	0
study_828	2718218191	95.5	245	10	1	1	245	1	1533	-1	0
study_83	2517572120	98.0	245	5	0	1	245	1	1299	-1	0
study_850	650377965	99.6	245	1	0	1	245	1	1504	-1	0
study_829	2734482253	98.8	245	3	0	1	245	1	1514	-1	0
study_851	2513237245	100.0	245	0	0	1	245	1	1426	-1	0
study_833	2513237123	94.7	247	11	1	1	245	1	1404	-1	0
study_847	651285002	79.6	245	49	1	1	245	1	1505	-1	0
study_835	2513237277	100.0	245	0	0	1	245	1	1512	-1	0
study_834	640753010	99.6	245	0	1	1	245	1	1303	-1	0
study_852	648028051	99.6	245	0	1	1	245	1	1472	-1	0
study_837	647000296	100.0	245	0	0	1	245	1	1505	-1	0
study_853	2562617099	100.0	245	0	0	1	245	1	1489	-1	0
study_849	2754412935	99.2	245	1	1	1	245	1	1510	-1	0
study_840	2563367172	99.2	245	2	0	1	245	1	1490	-1	0
study_832	2561511128	100.0	245	0	0	1	245	1	1427	-1	0
study_836	2512047052	95.5	245	9	1	1	245	1	1411	-1	0
study_857	646206254	100.0	245	0	0	1	245	1	1487	-1	0
study_84	2515154071	97.6	245	6	0	1	245	1	1382	-1	0
study_856	644736367	99.6	245	0	1	1	245	1	1504	-1	0
study_855	650377947	98.8	247	1	1	1	245	1	1420	-1	0
study_831	2558860286	99.2	245	0	2	1	245	1	1469	-1	0
study_862	649633078	99.2	245	2	0	1	245	1	1504	-1	0
study_848	649989928	99.6	245	1	0	1	245	1	1297	-1	0
study_839	2562617166	95.9	245	9	1	1	245	1	1513	-1	0
study_78	2724679383	99.6	245	1	0	1	245	1	1368	-1	0
study_838	2551306541	100.0	245	0	0	1	245	1	1392	-1	0
study_845	2645727882	99.6	245	0	1	1	245	1	1426	-1	0
study_869	2558860925	99.2	246	0	2	1	245	1	1469	-1	0
study_867	649989958_cluster	98.8	245	3	0	1	245	1	1503	-1	0
study_859	2534682209	99.6	245	1	0	1	245	1	1507	-1	0
study_868	2684623233	100.0	245	0	0	1	245	1	1512	-1	0
study_858	642979360	98.0	245	3	2	1	245	1	1521	-1	0
study_870	2513237261	99.6	245	1	0	1	245	1	1526	-1	0
study_875	2523533627	100.0	245	0	0	1	245	1	1413	-1	0
study_860	649989970	99.6	245	0	1	1	245	1	1515	-1	0
study_874	2585427909	93.5	245	15	1	1	245	1	1412	-1	0
study_866	2510065016	93.9	245	14	1	1	245	1	1439	-1	0
study_876	2537561696	99.2	245	2	0	1	245	1	1311	-1	0
study_872	2541047011	99.2	245	2	0	1	245	1	1522	-1	0
study_864	2558860398	100.0	245	0	0	1	245	1	1510	-1	0
study_88	2565956591	91.8	245	20	0	1	245	1	1413	-1	0
study_879	648276676	100.0	245	0	0	1	245	1	1276	-1	0
study_871	2540341165	99.6	246	0	1	1	245	1	1465	-1	0
study_882	643886113	97.6	246	4	2	1	245	1	1450	-1	0
study_776	2728369265	96.3	245	9	0	1	245	1	1513	-1	0
study_87	649990021	100.0	245	0	0	1	245	1	1520	-1	0
study_883	2562617142	98.8	245	1	2	1	245	1	1281	-1	0
study_890	2684623233	99.6	245	1	0	1	245	1	1512	-1	0
study_881	2510065016	94.3	245	14	0	1	245	1	1439	-1	0
study_880	2515154059	100.0	245	0	0	1	245	1	1393	-1	0
study_865	2593339221	97.6	245	6	0	1	245	1	1396	-1	0
study_877	2517572001	96.3	245	9	0	1	245	1	1475	-1	0
study_892	2751185640	82.7	255	34	1	1	245	1	1499	-1	0
study_873	2513237313	91.4	245	21	0	1	245	1	1512	-1	0
study_885	2623620486	92.7	245	17	1	1	245	1	1520	-1	0
study_887	637000327	100.0	245	0	0	1	245	1	1514	-1	0
study_891	2740892381	100.0	245	0	0	1	245	1	1518	-1	0
study_893	2648501712	98.4	247	2	1	1	245	1	1460	-1	0
study_888	2724679071	98.8	245	3	0	1	245	1	1518	-1	0
study_884	2654588118	97.1	245	7	0	1	245	1	1329	-1	0
study_897	2534681820	100.0	245	0	0	1	245	1	1487	-1	0
study_899	2593339137	95.5	245	11	0	1	245	1	1341	-1	0
study_86	640753010	100.0	245	0	0	1	245	1	1303	-1	0
study_878	2588254069	99.6	245	1	0	1	245	1	1509	-1	0
study_889	645951817	100.0	245	0	0	1	245	1	1534	-1	0
study_904	2558860923	98.4	245	3	1	1	245	1	1402	-1	0
study_90	2645727882	99.6	245	0	1	1	245	1	1426	-1	0
study_898	649989957	99.6	245	0	1	1	245	1	1500	-1	0
study_9	2503754051	100.0	245	0	0	1	245	1	1414	-1	0
study_617	645951836	98.8	246	1	2	1	245	1	1511	-1	0
study_896	650377947	99.6	245	1	0	1	245	1	1420	-1	0
study_861	2734482253	100.0	245	0	0	1	245	1	1514	-1	0
study_895	2558860281	92.7	245	17	1	1	245	1	1461	-1	0
study_902	2537561582	100.0	245	0	0	1	245	1	1268	-1	0
study_900	2579778771	99.6	245	0	1	1	245	1	1326	-1	0
study_910	645951840	99.6	245	1	0	1	245	1	1511	-1	0
study_911	2528768167	99.6	246	0	1	1	245	1	1394	-1	0
study_913	2562617167	100.0	245	0	0	1	245	1	1527	-1	0
study_905	2574179786	95.5	245	11	0	1	245	1	1385	-1	0
study_907	2585428085	97.6	245	6	0	1	245	1	1392	-1	0
study_91	2585428022	100.0	245	0	0	1	245	1	1337	-1	0
study_906	649989951	99.6	245	1	0	1	245	1	1303	-1	0
study_731	2681813507	85.6	250	30	2	1	245	1	1488	-1	0
study_914	2562617177_cluster	99.6	245	1	0	1	245	1	1534	-1	0
study_912	2558860919	98.8	245	1	1	1	245	1	1465	-1	0
study_908	2529292932	99.6	246	0	1	1	245	1	1512	-1	0
study_909	645058770	99.6	246	0	1	1	245	1	1538	-1	0
study_918	2563366733	100.0	245	0	0	1	245	1	1380	-1	0
study_916	647533197	99.2	245	1	1	1	245	1	1415	-1	0
study_901	2517572001	95.9	245	10	0	1	245	1	1475	-1	0
study_919	651324005	99.6	245	1	0	1	245	1	1537	-1	0
study_63	2651870246	91.8	245	20	0	1	245	1	1533	-1	0
study_915	2563367163	99.2	245	2	0	1	245	1	1513	-1	0
study_923	651324089	100.0	245	0	0	1	245	1	1512	-1	0
study_922	2503754051	100.0	245	0	0	1	245	1	1414	-1	0
study_917	2531839472	98.8	245	3	0	1	245	1	1539	-1	0
study_926	643886113	98.4	246	2	2	1	245	1	1450	-1	0
study_921	2619619242	99.2	245	2	0	1	245	1	1312	-1	0
study_886	649989999	100.0	245	0	0	1	245	1	1502	-1	0
study_930	2517572002	98.0	245	5	0	1	245	1	1412	-1	0
study_920	643886113	98.8	245	2	1	1	245	1	1450	-1	0
study_92	645058719	100.0	245	0	0	1	245	1	1483	-1	0
study_928	2579778709	92.7	245	17	1	1	245	1	1418	-1	0
study_894	2537561617	99.2	245	2	0	1	245	1	1526	-1	0
study_924	2597490300	100.0	245	0	0	1	245	1	1440	-1	0
study_931	650377970	98.0	245	5	0	1	245	1	1504	-1	0
study_925	2724679012	98.8	245	3	0	1	245	1	1514	-1	0
study_936	2619619243	93.9	245	14	1	1	245	1	1512	-1	0
study_93	2585427850	93.5	246	15	1	1	245	1	1540	-1	0
study_933	2734481901	80.7	249	44	1	1	245	1	1522	-1	0
study_937	2728369265	95.5	245	11	0	1	245	1	1513	-1	0
study_939	2534682202	99.6	245	1	0	1	245	1	1513	-1	0
study_940	2562617167	99.6	245	0	1	1	245	1	1527	-1	0
study_927	2548876842	100.0	245	0	0	1	245	1	1413	-1	0
study_945	2558860923	99.2	246	0	2	1	245	1	1402	-1	0
study_929	643886203	99.6	245	1	0	1	245	1	1422	-1	0
study_943	2513237275	97.1	245	6	1	1	245	1	1421	-1	0
study_830	650716034	94.3	245	13	1	1	245	1	1493	-1	0
study_934	645058719	100.0	245	0	0	1	245	1	1483	-1	0
study_953	643886148_cluster	99.6	245	1	0	1	245	1	1469	-1	0
study_948	2740892381	98.8	245	3	0	1	245	1	1518	-1	0
study_94	650377947	99.2	245	2	0	1	245	1	1420	-1	0
study_942	642979305	100.0	245	0	0	1	245	1	1486	-1	0
study_954	2597490298	89.8	245	25	0	1	245	1	1521	-1	0
study_938	2558860944	97.1	245	7	0	1	245	1	1506	-1	0
study_95	2562617099	98.4	245	4	0	1	245	1	1489	-1	0
study_808	645951833	100.0	245	0	0	1	245	1	1548	-1	0
study_89	2547132124	99.6	245	1	0	1	245	1	1414	-1	0
study_935	2529292749_cluster	100.0	245	0	0	1	245	1	1342	-1	0
study_932	2541046975	99.6	245	1	0	1	245	1	1534	-1	0
study_757	644736366	99.6	245	1	0	1	245	1	1501	-1	0
study_96	2529292932	100.0	245	0	0	1	245	1	1512	-1	0
study_947	2515154071	99.6	245	1	0	1	245	1	1382	-1	0
study_944	648861010	100.0	245	0	0	1	245	1	1421	-1	0
study_950	2558860356	100.0	245	0	0	1	245	1	1532	-1	0
study_952	651285008	99.6	245	1	0	1	245	1	1533	-1	0
study_957	2506520045	100.0	245	0	0	1	245	1	1394	-1	0
study_963	2600255237	99.6	245	1	0	1	245	1	1512	-1	0
study_962	647000294	99.6	245	1	0	1	245	1	1423	-1	0
study_961	2718218191	88.6	245	27	1	1	245	1	1533	-1	0
study_955	2513237274	93.1	245	15	1	1	245	1	1501	-1	0
study_941	2600255105	95.1	245	12	0	1	245	1	1515	-1	0
study_960	643886203	99.6	245	1	0	1	245	1	1422	-1	0
study_956	2558860286	97.1	245	7	0	1	245	1	1469	-1	0
study_959	2585427908	99.6	245	0	1	1	245	1	1416	-1	0
study_863	2523533587	86.9	245	30	1	1	245	1	1397	-1	0
study_964	2540341191	99.2	245	2	0	1	245	1	1405	-1	0
study_968	2645728015	84.2	253	32	1	1	245	1	1508	-1	0
study_966	2585428085	96.7	245	8	0	1	245	1	1392	-1	0
study_974	2585427896	99.6	245	0	1	1	245	1	1415	-1	0
study_958	647533113	99.2	246	0	2	1	245	1	1415	-1	0
study_965	2657245083	99.2	245	2	0	1	245	1	1528	-1	0
study_980	2579778661	98.0	245	3	2	1	245	1	1263	-1	0
study_982	651324090	98.0	245	4	1	1	245	1	1513	-1	0
study_970	649989970	95.5	245	11	0	1	245	1	1515	-1	0
study_98	651324090	100.0	245	0	0	1	245	1	1513	-1	0
study_969	2562617177_cluster	99.6	245	0	1	1	245	1	1534	-1	0
study_97	2526164534	100.0	245	0	0	1	245	1	1431	-1	0
study_967	2751185762	90.6	245	23	0	1	245	1	1405	-1	0
study_985	2558860927	99.6	245	1	0	1	245	1	1458	-1	0
study_978	649989906	99.6	246	0	1	1	245	1	1526	-1	0
study_979	2687453348	100.0	245	0	0	1	245	1	1518	-1	0
study_984	2585427907	98.0	245	5	0	1	245	1	1300	-1	0
study_949	2509276067	85.1	249	29	3	1	245	1	1415	-1	0
study_977	2675903629	100.0	245	0	0	1	245	1	1370	-1	0
study_975	644736367	98.8	245	3	0	1	245	1	1504	-1	0
study_972	645951831	100.0	245	0	0	1	245	1	1494	-1	0
study_951	2513237375	99.2	245	1	1	1	245	1	1515	-1	0
study_981	2585428190	92.7	245	17	1	1	245	1	1277	-1	0
study_986	2693429878	100.0	245	0	0	1	245	1	1519	-1	0
study_973	648276676	100.0	245	0	0	1	245	1	1276	-1	0
study_987	2507262051	95.1	245	12	0	1	245	1	1350	-1	0
study_983	649989951	97.6	245	6	0	1	245	1	1303	-1	0
study_989	2571042378	100.0	245	0	0	1	245	1	1400	-1	0
study_971	642791604	97.6	245	4	1	1	245	1	1504	-1	0
study_99	646564552	99.6	245	1	0	1	245	1	1517	-1	0
study_976	2602041668	100.0	245	0	0	1	245	1	1318	-1	0
study_990	2558860128	97.6	246	5	1	1	245	1	1349	-1	0
study_988	2562617177_cluster	99.2	245	2	0	1	245	1	1534	-1	0
study_991	2623620486	92.7	245	17	1	1	245	1	1520	-1	0
study_995	2515154176	97.1	245	7	0	1	245	1	1393	-1	0
study_997	2551306563	99.2	245	2	0	1	245	1	1396	-1	0
study_998	2540341191	98.8	245	3	0	1	245	1	1405	-1	0
study_994	2540341191	99.6	245	1	0	1	245	1	1405	-1	0
study_996	644736366	93.5	246	15	1	1	245	1	1501	-1	0
study_999	2751185640	91.9	246	19	1	1	245	1	1499	-1	0
study_992	2513237245	99.6	245	1	0	1	245	1	1426	-1	0
study_946	645951802	98.4	245	4	0	1	245	1	1535	-1	0
study_903	2645727882	99.2	245	1	1	1	245	1	1426	-1	0
study_854	2518645545	100.0	245	0	0	1	245	1	1534	-1	0
study_993	2617271103	100.0	245	0	0	1	245	1	1375	-1	0
