47782479300f63787f0b6c275126b465	2654588076	92.0	250	20	0	1	250	1	1548	-1	0
4e11a0019cc770db1c54336c72b084fd	2667527490	89.6	250	23	2	1	250	1	1438	-1	0
118243d437ebb7e762ba9286597796bd	2708742684	87.2	250	32	0	1	250	1	1524	-1	0
8342b0f93b2fae884ea5f60571c7573a	2504643007	98.0	250	5	0	1	250	1	1401	-1	0
f2f4175663a6427234bcb8e8a5f5e790	2751185634	85.2	250	37	0	1	250	1	1490	-1	0
790d2345aa735e1697cdfecf64f011b1	2698536607_cluster	99.2	250	2	0	1	250	1	1464	-1	0
0444add198ce4f2058226212bfa27a4e	2616644810	89.2	250	27	0	1	250	1	1521	-1	0
99831eff8ee0fa2726174b091c7911fa	2512047004	89.2	250	27	0	1	250	1	1427	-1	0
3530fc65ffdfd4f1ed2fdfe9f6265cd9	2721755956	86.8	250	33	0	1	250	1	1560	-1	0
754fb1a9bca7e02482581bb4f41e8382	2507262052	99.6	250	1	0	1	250	1	1364	-1	0
ac38688584c98e1da7e672913d7fd8fe	2654588001_cluster	94.4	250	14	0	1	250	1	1544	-1	0
c63af7734981bef0b67db5a311e5ffa6	2667527390_cluster	86.8	250	33	0	1	250	1	1519	-1	0
3c5e3170847c090d3485f18409bb7af5	2236661010	89.6	250	26	0	1	250	1	1360	-1	0
11d1acf9c15babd1e2aa89a67fbc1ccf	2503707007	95.2	250	12	0	1	250	1	1507	-1	0
1437da90a9dfe0c4fdeb8a181d5168b5	641522610	80.4	250	49	0	1	250	1	1550	-1	0
fa29c3376f5f6ea892d49f32294058b2	2529293184	86.8	250	33	0	1	250	1	1505	-1	0
e8834a5d43886b06bc6312977c7eba10	2545555829	96.8	250	8	0	1	250	1	1411	-1	0
957dc0e30ece2af3867ce39eb2e7217f	2515154013_cluster	74.4	250	63	1	1	250	1	1427	-1	0
9dcd49028537ab499a502aa1e52b48d6	2667527490	89.2	250	24	2	1	250	1	1438	-1	0
2566efa41bf798631667b0d4692aae62	2698537073	80.0	250	50	0	1	250	1	1528	-1	0
a7d7ee703820ed8ad72810735be07b3b	2264867243	99.6	250	1	0	1	250	1	1427	-1	0
4364e886a1816dc1d3256068b2156199	2596583625	92.4	250	19	0	1	250	1	1403	-1	0
d548d996072d64998130e1649903ffd6	2703719286	76.8	250	58	0	1	250	1	1501	-1	0
6b0696f73d0a412cc4356d5be3db3316	2517572005	79.3	251	51	1	1	250	1	1338	-1	0
8d8cbb049aacff107cff4da761b86ac9	2523231049	100.0	250	0	0	1	250	1	1364	-1	0
302dfbc259f356a5fba16b5e8d749748	643886118	96.8	250	8	0	1	250	1	1427	-1	0
424c03bee359e6c3be8073893f1867a3	2609459650	86.8	250	33	0	1	250	1	1549	-1	0
19780525598f9c4a7ec2a9c73256b040	2506520039	74.8	250	62	1	1	250	1	1295	-1	0
1a87329136b37dd66bf78f24eb6715c2	2508501098	91.2	250	22	0	1	250	1	1406	-1	0
157a14624ef0a9fa29e356208a93c4a0	2515154056	97.6	250	6	0	1	250	1	1409	-1	0
9a70633c118ef72af5f88fbb288f24b2	2585427801	88.0	250	30	0	1	250	1	1374	-1	0
a963639426f1c1bc27463fb1b7b67190	2630968267	96.8	250	8	0	1	250	1	1454	-1	0
382fc51eefb5cc2b988dc68711fcdc71	2228664039	84.4	250	39	0	1	250	1	1402	-1	0
2d456099df5e64e210c67c76bb5db8ef	2681812878	92.0	250	20	0	1	250	1	1487	-1	0
cfd21e388bcfdc88e452adc6a6f56506	2739367797	100.0	250	0	0	1	250	1	1536	-1	0
a3c796c034164751a1707987e7939edd	2508501038	79.2	250	52	0	1	250	1	1426	-1	0
0fe20f86f9a2d8e8e555b94be86decaf	2545824783	93.6	250	16	0	1	250	1	1519	-1	0
7b24071c73e38b7d3a235d995a0adec2	644736368	72.4	250	69	0	1	250	1	1509	-1	0
149d8c1779beb45c72cca0a3de56be4c	646564584	80.0	250	50	0	1	250	1	1526	-1	0
6bdd246b9f698e4015d7f9d2edcb1a27	2693429889	99.6	250	1	0	1	250	1	1466	-1	0
fb1ab8e72e7f7e25e46961b3ea6a2a28	2648501407_cluster	99.6	250	1	0	1	250	1	1490	-1	0
8a989d0af2b716cd4cbef79e3492efbd	2634166307	96.0	250	10	0	1	250	1	1525	-1	0
79615fc9765a8cd4ba4d526a10c90d9d	2667527490	89.2	250	24	2	1	250	1	1438	-1	0
d09a1faa0680cb6ba092e5e0a9ce453a	2528311098	90.4	250	24	0	1	250	1	1364	-1	0
93a64498a34187d2b32748eae902738e	2590828656	100.0	250	0	0	1	250	1	1479	-1	0
28b03d2777733945c837838bf044cc39	2751185634	89.2	250	27	0	1	250	1	1490	-1	0
61fe7e44efa161827f89353d2afb75e3	2681812884	95.2	250	12	0	1	250	1	1527	-1	0
53123854f2e8df9c0dd6f4b5cc3462c7	2506381025	70.0	250	72	3	1	250	1	1432	-1	0
53c247ec65351affdd7465881798be8e	2651870213	100.0	250	0	0	1	250	1	1540	-1	0
34f621ea6754872dcfe6eb03f90aa70d	2593339146	84.4	250	39	0	1	250	1	1277	-1	0
648903b7bd2f062e23c46cbc5f6b32c8	2521172662	99.2	250	2	0	1	250	1	1329	-1	0
6a39c06ba65d445cc02f6000f9b130fe	2561511204	96.8	250	8	0	1	250	1	1257	-1	0
894903b6665d19da7c8b6f8c89ceca30	2739367806	99.2	250	2	0	1	250	1	1514	-1	0
ecac7e847bafd72429e38c5b42cad22a	2744054537	91.2	250	22	0	1	250	1	1489	-1	0
67894b7ac05220c3fd891095764ac429	2517572010	90.0	250	25	0	1	250	1	1392	-1	0
22a0bd23d776d887f59bebe01cca467b	649633083	86.4	250	34	0	1	250	1	1484	-1	0
a66bd5d64a429bdcfab07dec8623c370	2524023062	80.0	250	50	0	1	250	1	1429	-1	0
c58c63227a2d982f65267fa716598ef6	2508501098	92.4	250	19	0	1	250	1	1406	-1	0
e7297c91f607efc76ab9c677108bc0ad	2512047001	88.8	250	28	0	1	250	1	1429	-1	0
9e9f7307d2364d1edcee0d9b557e624c	2667527490	92.0	250	17	2	1	250	1	1438	-1	0
8b7878cfdb016853cf141ec71398e311	2681812884	94.8	250	13	0	1	250	1	1527	-1	0
e7cd87ff1ed5a0b7de2375801b369fed	649633083	86.4	250	34	0	1	250	1	1484	-1	0
a55e28d33bbdcb48057c52a9d9746085	2571042914	84.8	250	38	0	1	250	1	1424	-1	0
1af8f455c2817f97211c44bacca72a90	647533183	94.4	250	14	0	1	250	1	1418	-1	0
b4034dfe6cb36ee29234861e685cc1e0	2517572010	89.2	250	27	0	1	250	1	1392	-1	0
a2fde72b80049fadeab06a7d275b5e85	2617271238	89.2	250	27	0	1	250	1	1522	-1	0
c3e7a50b9f9779694e5cec85c03e0166	644736322	87.6	250	30	1	1	250	1	1494	-1	0
2ce0414182d2251c32dc3a62e703359c	2634166900	99.6	250	1	0	1	250	1	1520	-1	0
8dc6b6de9cc6af2fc557fac7381d382a	639633001	93.2	250	17	0	1	250	1	1508	-1	0
2f0e8228dc5347ee27ccd47ef14c30ac	2600254953	94.4	250	14	0	1	250	1	1530	-1	0
ad791c7cba0a6616bd426a03e0b9dd57	2546825531	88.8	250	28	0	1	250	1	1420	-1	0
854f9313368ac7ccb6fb24ec4d092437	2681812872	93.2	250	17	0	1	250	1	1517	-1	0
e39e099d53ae4eef6cdff8529636d295	2512047003	88.8	250	28	0	1	250	1	1429	-1	0
e7a77832749871bd123d66396abcb7d8	2547132385	94.4	250	14	0	1	250	1	1415	-1	0
8663af29a59e1fb40d26f526e647f54a	2681812872	95.2	250	12	0	1	250	1	1517	-1	0
60bf24db70d3a85fc812980f949d932b	2703719286	88.0	250	30	0	1	250	1	1501	-1	0
5745222893d39385a62b7707b4752387	2585427801	87.2	250	32	0	1	250	1	1374	-1	0
6b59da0fa214769904074560dbe813a1	2693429904	88.4	250	29	0	1	250	1	1455	-1	0
ba6ec65536eae40c9993e3fd9a08e1ff	649633083	86.0	250	35	0	1	250	1	1484	-1	0
22e652ce3deb64e88f05a1e349bb4291	2521172689	91.2	250	22	0	1	250	1	1507	-1	0
6aef7f53e0fd0953676dbac1ae090195	2693429887	86.4	250	34	0	1	250	1	1527	-1	0
0f1aa32029d51f10e31bf4311b9b812d	2556921666	96.4	250	9	0	1	250	1	1347	-1	0
07d0543cdd77e97349c70a2de1a971e6	2713896873	89.2	250	27	0	1	250	1	1542	-1	0
d0490f0b44531284c27cbdec6e814a0a	2751185577	90.0	250	25	0	1	250	1	1559	-1	0
e8c7cac9c91658168167dbafc03ee97a	2634166320	86.4	250	34	0	1	250	1	1517	-1	0
b3373e32df3caff0a6d72fd9847ed0a9	2751185634	88.0	250	30	0	1	250	1	1490	-1	0
ac4553046e8da104c560ddc09bf5529b	2648501185	90.8	250	23	0	1	250	1	1555	-1	0
18b8ace234548c8b902601cabdca5200	2600254953	94.4	250	14	0	1	250	1	1530	-1	0
54dc2ca47bfbab13c76077d83f9d593b	2721755270	87.2	250	32	0	1	250	1	1331	-1	0
fa1d8034f6b8cb67b74ee066592ecac0	2602042099	94.8	250	13	0	1	250	1	1422	-1	0
bace1424bc6010fa50b4ba18d43d2069	637000009	86.0	250	35	0	1	250	1	1423	-1	0
2f387939de6f7e6dc65a774890c8ccc9	2524614733	90.8	250	23	0	1	250	1	1418	-1	0
24423b27a16be57a01a26e36830dde95	2737471719	92.0	250	20	0	1	250	1	1487	-1	0
668e7cc7dfc45d2a80f44d354a62e93e	2545824783	98.8	250	3	0	1	250	1	1519	-1	0
502a373442ecf1003bc1ee1d3753ad73	2528768207_cluster	99.6	250	1	0	1	250	1	1466	-1	0
9f6b8023d799ee9ce5f3729e92fd96dd	2524023158	84.0	250	40	0	1	250	1	1429	-1	0
442218e131dc33d8d99104d9a1882970	2508501098	92.0	250	20	0	1	250	1	1406	-1	0
f2fdd571374ba38a3c99dfd9f1a830ab	2708742725	73.2	250	67	0	1	250	1	1365	-1	0
bc49a5467ccafde05bc1f83af558f613	2639762703	86.8	250	33	0	1	250	1	1519	-1	0
62da84d170c647428641f19a5f5ead68	2654587884	91.2	250	22	0	1	250	1	1508	-1	0
2d35089ba0ef6befa3e323cecdb69d1d	2651870282	100.0	250	0	0	1	250	1	1542	-1	0
840210c279b29a55a12b614e7730c371	2228664040	99.2	250	2	0	1	250	1	1408	-1	0
d295cf35f1e5d842b7fa99d242756bf5	2667527398	76.4	250	57	2	1	250	1	1424	-1	0
a12417dff00c659896baaa89f8c4284c	2667527490	91.2	250	19	2	1	250	1	1438	-1	0
c8d56169b0ab88c600ecd9d4ca9b3c70	2597490271	97.6	250	6	0	1	250	1	1536	-1	0
3bd78d46d5c1a6856b5f55f33508780e	2671180091	94.0	250	15	0	1	250	1	1543	-1	0
55e0773284bdd9dd5a5951282cefca3e	2718217695	81.6	250	46	0	1	250	1	1523	-1	0
00becc5cb06fbccb96790d088a237a13	2651870209	99.2	250	0	1	1	250	1	1389	-1	0
3f919ec692876459b1905a0a890d98ee	2654587884	91.6	250	21	0	1	250	1	1508	-1	0
bf6320be584a4be31e5a171c2bb177fb	2236347002	88.8	250	28	0	1	250	1	1441	-1	0
d6c9308dda01641be1ee80d0a3ab8020	2693429926	90.0	250	25	0	1	250	1	1551	-1	0
1cc113d880edb54e4b3435dd14975bce	650716053	74.0	250	63	2	1	250	1	1444	-1	0
b0a17084d9d1a6a5d7a89e61183a7f50	649633076	69.6	250	76	0	1	250	1	1497	-1	0
93a7962ae432209abddad518dc561565	2519899536	80.4	250	49	0	1	250	1	1524	-1	0
368c9eaf89cd2d6baf0f036bf9a91ba5	2651870280	87.2	250	8	1	1	250	1	1419	-1	0
53ecb8e4f32682665369599df7f6a76f	2515154118	82.4	250	44	0	1	250	1	1410	-1	0
0bc165a2e919329d4aa8072045d24e73	2684623013	97.2	250	7	0	1	250	1	1404	-1	0
8427cdcf676ca6bb2e3471503c37007c	2571042004_cluster	88.4	250	28	1	1	250	1	1399	-1	0
f721da32a5e7d26fa3748e46f36f1284	643886118	96.4	250	9	0	1	250	1	1427	-1	0
ff91407c1d15f406892b0dcdfe824556	2585428153	84.0	250	40	0	1	250	1	1292	-1	0
83489688d349c8a4ee1c66db2dcc50bc	2651870213	91.2	250	22	0	1	250	1	1540	-1	0
76d9f67fea5cf3b4e49e716c7e58882f	643886118	94.4	250	14	0	1	250	1	1427	-1	0
de780ac69e1fde15d4337c6e19804935	2597489864	97.2	250	7	0	1	250	1	1535	-1	0
25253d9a0d5c629a7a3500b3c87a9689	2634166268	92.8	250	18	0	1	250	1	1551	-1	0
a902e3f3d835e397ff3f0ed17506d205	2554235379	92.0	250	20	0	1	250	1	1513	-1	0
885bc1b09608b147f7ad2797385f311b	2751185564	78.0	250	55	0	1	250	1	1369	-1	0
51b347fe2b422666d2c25c773e050e47	644736368	73.2	250	67	0	1	250	1	1509	-1	0
d086b73c27b2d41aa52206cfde60eb54	2512047004	92.8	250	18	0	1	250	1	1427	-1	0
ab0740b7509ade12987ed27696e8822d	649633083	86.0	250	35	0	1	250	1	1484	-1	0
0685b67b1255bd7e910f537529263440	2724679707	90.4	250	24	0	1	250	1	1522	-1	0
16ddd737db5d6d6515acfd72e2796972	2627853728	90.4	250	24	0	1	250	1	1496	-1	0
60f33fd6fa8ddad23ef155329fd4e889	2593339163	94.0	250	15	0	1	250	1	1418	-1	0
6b80f77a7c5097de346cb9c968e5ebda	2651870280	88.4	250	5	1	1	250	1	1419	-1	0
bac46bd2590ac2496509903f23c57023	2524614733	91.2	250	22	0	1	250	1	1418	-1	0
f3b5d2663727fd29fea53561d01c41b0	2751185673	90.4	250	24	0	1	250	1	1522	-1	0
245ef71ac5963ac63ac2436f94ffe070	2600254953	94.4	250	14	0	1	250	1	1530	-1	0
12043f7b971c2d33c39024d7e2877ce8	2667527490	95.6	250	8	2	1	250	1	1438	-1	0
4fe891df32b2aec03f486f50d5509916	2751185634	90.0	250	25	0	1	250	1	1490	-1	0
7da5849ca05b026171a1a326053193c6	2510065011	76.8	250	58	0	1	250	1	1366	-1	0
5dafaf5607559810bf36d361e13a58e3	2751185718	94.8	250	13	0	1	250	1	1535	-1	0
7265c8c73cf789db4412db9f38c41203	2751185673	93.6	250	16	0	1	250	1	1522	-1	0
f6edcfe3d564a2a6275752d32c32898c	2734482368	96.4	250	9	0	1	250	1	1540	-1	0
e27a5d8d7c640ae0c43e579990385bb7	641380439	98.0	250	5	0	1	250	1	1519	-1	0
d97ecaa6c3caca234c7935c3da8d6d96	2576861796	89.6	250	26	0	1	250	1	1445	-1	0
3d51a65dfb812438adf09c79b9ed6087	2751185634	88.0	250	30	0	1	250	1	1490	-1	0
56f07ed5d25dbbd5ef072aefb99d9809	648028027	85.6	250	36	0	1	250	1	1525	-1	0
3760a6224aeadebebb7fa24f98765e07	2582580513	98.0	250	5	0	1	250	1	1396	-1	0
6e51262be5c5b2f88e1fcb8cdec36efc	2681812884	98.4	250	4	0	1	250	1	1527	-1	0
f7fdb2b8e3251079a4d5d85a3e8c59f6	2228664026	99.6	250	1	0	1	250	1	1365	-1	0
57140257e63886380c3076eb4a4fde3a	2516493030	79.2	250	52	0	1	250	1	1400	-1	0
9a809080c2d171526cd6e404fcc51071	644736371	84.8	250	38	0	1	250	1	1541	-1	0
3d6d88a469b84c14da5cb0e02a14e63c	2675903475	93.2	250	17	0	1	250	1	1495	-1	0
221eb4cd5377428581c6735ab01e8732	2739367526	98.0	250	5	0	1	250	1	1560	-1	0
9420a22a51b4557738317d314f039368	2595699006	89.6	250	26	0	1	250	1	1407	-1	0
46130cc5c63c37cf208464214c1957bd	2740892131_cluster	99.2	250	2	0	1	250	1	1534	-1	0
24f5451cf02a42104318c4f21df0d4be	643886118	96.4	250	9	0	1	250	1	1427	-1	0
a68786ce656e4ce16db1f01c940f38e3	647533188	93.2	250	17	0	1	250	1	1425	-1	0
74e68de5903c75b11dfa0ce9ccd07678	2687453111	80.0	250	50	0	1	250	1	1556	-1	0
7834c0d4f34febac586dbb2ab6d8c572	2681812872	95.6	250	11	0	1	250	1	1517	-1	0
027998e8c48bb40984f7daf07632b9d8	2516143025	94.8	250	13	0	1	250	1	1417	-1	0
076c7176d1699f7e58989fd80c4bdbc1	2524614733	91.2	250	22	0	1	250	1	1418	-1	0
966cc57af650b72cb33a3de1663ee40c	2739367797	99.2	250	2	0	1	250	1	1536	-1	0
4af2859d561386e99b5bd269cfe07e71	2622736599	89.6	250	26	0	1	250	1	1525	-1	0
7c78db0dce1adf1464ebd9889e5ae578	2504756022_cluster	98.8	250	3	0	1	250	1	1408	-1	0
fce1867d7592c972ce4361db2b771c47	2667527490	98.8	250	0	2	1	250	1	1438	-1	0
157f1a7007538b712273db3466d5687c	2724679707	91.6	250	21	0	1	250	1	1522	-1	0
d383cc087c0ab4ed918fdc9bca29124d	2512047001	87.6	250	31	0	1	250	1	1429	-1	0
a8d9506c4c6cc1259d4689354fa2a5d9	2524614726	88.4	250	29	0	1	250	1	1354	-1	0
e43f6cf99c5004141fb2d768ce2de24c	2718218033	95.6	250	11	0	1	250	1	1521	-1	0
3aba2693c71fd08a7b73af36bc8e4672	2524614733	92.8	250	18	0	1	250	1	1418	-1	0
fd3f3e241a4f2b5e1e07dae992a5caa2	2519899582	95.6	250	11	0	1	250	1	1524	-1	0
939d0490bb8073c3779a9a53af9a3295	2585427989	83.6	250	40	1	1	250	1	1410	-1	0
b29191f8ff3d0fc3ea4142e739a5b501	2582581242	83.6	250	41	0	1	250	1	1385	-1	0
7cf52d9b125748eec7b1714ab344774a	2509601019	90.4	250	24	0	1	250	1	1430	-1	0
9234fdaa2b07ddbb9f071972e68fc5b1	2523231081	99.2	250	2	0	1	250	1	1342	-1	0
231a5d49a4f4050d7741fb3e2c60330c	2718217954_cluster	93.2	250	17	0	1	250	1	1557	-1	0
a7936d08841382c9ea49bc33dc265322	2667527490	90.0	250	22	2	1	250	1	1438	-1	0
3d25aa0f7fd595033af66fd28232066f	2687453772	85.6	250	36	0	1	250	1	1518	-1	0
981e19a22cbf337571905e36046d9d54	2524614733	91.6	250	21	0	1	250	1	1418	-1	0
b07abb782cb8dbaab31b2510e026f2c9	2634166900	98.8	250	3	0	1	250	1	1520	-1	0
efa4868a5dd6cf46418d72dbe03035df	2721755703	89.6	250	25	1	1	250	1	1553	-1	0
a46d5f32686c29882c416c54b30ab9c0	2684623173	96.0	250	10	0	1	250	1	1533	-1	0
19b926a035ab8529b94456d2c7c9d264	637000249	94.8	250	13	0	1	250	1	1529	-1	0
a6588b8da8478f9ee50c91557abbdb32	2667527490	88.0	250	27	2	1	250	1	1438	-1	0
6e3fa54bbf12ce99a100d6d40a83279d	2648501185	93.6	250	16	0	1	250	1	1555	-1	0
c57c594f31ea0e6590e2317d9fbbd25f	2651869819	96.8	250	8	0	1	250	1	1533	-1	0
cd90ba065a08f34a33acad2c1ea34397	2617271238	89.2	250	27	0	1	250	1	1522	-1	0
427a43893f06bc3d499b4157d3885d6c	2515154118	81.6	250	46	0	1	250	1	1410	-1	0
92e9e1360e0a870b189f17701d7c08a6	2517572011	88.8	250	28	0	1	250	1	1417	-1	0
4070f9593dae3a39f34050ea61478852	2609460260	77.6	250	56	0	1	250	1	1555	-1	0
7d1483a26d9dff3e4ea77666ed5094b9	2667527490	88.4	250	26	2	1	250	1	1438	-1	0
008280f3cd67579b71660051224621ff	648028023	86.4	250	34	0	1	250	1	1539	-1	0
2f6b5837a66f9267dda2135ad18f6b63	2504756012_cluster	100.0	250	0	0	1	250	1	1343	-1	0
de0f7803a1bc19c6ef17880aedeabf7f	637000094	87.6	250	31	0	1	250	1	1483	-1	0
d366a5a24ef4e0d561e7c2f82c1eed39	2596583682	74.4	250	64	0	1	250	1	1411	-1	0
073483bd975749de78116880c78df6c2	641380439	92.4	250	19	0	1	250	1	1519	-1	0
683cdc3b4cf360bc114fd86222344b27	2537562241	95.2	250	12	0	1	250	1	1430	-1	0
608bbf6f332e95cbc362f9d77e78ae50	647000291	91.6	250	21	0	1	250	1	1478	-1	0
476893cbcd32ac27ed5eea7fbc24b639	2747842507	78.4	250	54	0	1	250	1	1522	-1	0
25378e41f19be3a40f90da3cc055bc9f	2744054527	100.0	250	0	0	1	250	1	1255	-1	0
b3ee7879ca8d1f1acc38a471f277a332	2734482368	96.4	250	9	0	1	250	1	1540	-1	0
87842da07ae6708a38e9041688590540	2616644810	82.4	250	44	0	1	250	1	1521	-1	0
a9cd0c6aaf40c5b5c62a1682bf96a181	2630968337	87.6	250	31	0	1	250	1	1497	-1	0
f17d0dd17f3c9133c927bf4d58faaf28	2687453745	97.6	250	6	0	1	250	1	1466	-1	0
c5a5cb28b0321652ebebab58a4dcc848	2703719286	79.2	250	52	0	1	250	1	1501	-1	0
0d3538ace41e61d3cff1fb2133f9cea1	2617271046	74.0	250	65	0	1	250	1	1527	-1	0
84168aaca0038fa687ab5afa0e32f2f1	2651870280	88.8	250	4	1	1	250	1	1419	-1	0
f479ad8249a4a4d1710d8f71d8d8cdea	2751185634	84.8	250	38	0	1	250	1	1490	-1	0
450cb3d2e04b4c92164fd19f0cf76c72	2634166268	89.6	250	26	0	1	250	1	1551	-1	0
b9aa8465ad32ffca2382e4635b165244	2721756108	96.8	250	8	0	1	250	1	1468	-1	0
a6a3c4b468394733fb8b63d936fe5979	2731639223	84.0	250	40	0	1	250	1	1521	-1	0
e5be7666e8f6f8edd8e0d63825357da5	2515154158	95.6	250	11	0	1	250	1	1408	-1	0
250f2e6e72c1bf7a01924e8cfac7e019	2505119015	98.4	250	4	0	1	250	1	1414	-1	0
58d9969052beb331c5defdf5bc8deae7	2690315772	100.0	250	0	0	1	250	1	1468	-1	0
365808b634a2d3781ef73468f73a59fa	2667527490	88.4	250	26	2	1	250	1	1438	-1	0
a1b046d43a8f76648a252bbb67151f99	646311933	91.2	250	22	0	1	250	1	1536	-1	0
98a3819503b21bc6c94e05f2fe382502	2509601001	85.2	250	37	0	1	250	1	1405	-1	0
bc62fcda4dfb3e8f50f367b57f74e9a2	2751185671	92.8	250	18	0	1	250	1	1531	-1	0
4d7df417656eade5fbd76144d50f323d	2540341183	79.6	250	49	2	1	250	1	1392	-1	0
032c552f457f10a202cfb6d565ad18fc	2627853559	89.6	250	26	0	1	250	1	1487	-1	0
de9d938764fba45edf89dd5d9ec946cd	2617270762	90.0	250	25	0	1	250	1	1489	-1	0
533b69c3e951dec1a007aa60b72a6922	2687453772	88.8	250	28	0	1	250	1	1518	-1	0
62d17978379dd81f656f7a15d8bf1b0f	2609459650	87.2	250	32	0	1	250	1	1549	-1	0
cf2eb7663c9c32ab5f9e2373b05f33b7	2681812887	91.6	250	21	0	1	250	1	1538	-1	0
b15215355845cdc46232287e349531eb	2540341183	77.2	250	54	3	1	250	1	1392	-1	0
b7311162b8b533f2fc59ca4fbdf869b4	2721755849	100.0	250	0	0	1	250	1	1489	-1	0
811cfb2af5ae02cf1f5f8c19e648e4a1	2713897356	88.0	250	30	0	1	250	1	1560	-1	0
475ab87a8228863c20dfe21e90d21d0c	2626542099	78.8	250	53	0	1	250	1	1461	-1	0
fa8cbdc75b15eba8243c3f42966d411a	2675903154	88.0	250	30	0	1	250	1	1513	-1	0
fa271dc590a06f31687bf2c397888e8d	2671180443	91.2	250	22	0	1	250	1	1542	-1	0
db8ebc032fad31c69a6108e03530f54b	649633056	97.6	250	6	0	1	250	1	1499	-1	0
4a8565812940b031c200043231376427	2654587884	90.8	250	23	0	1	250	1	1508	-1	0
121a88b9a67dbb887888164c76fa8114	2595699009	85.2	250	37	0	1	250	1	1344	-1	0
9bde44d7f9efc3174ec322e7a751d2c5	2574179721	92.0	250	20	0	1	250	1	1378	-1	0
825bfc6690a173045a7f228f649afeba	2523231061	92.0	250	20	0	1	250	1	1407	-1	0
1de3d7721de28fe033350d5bc374b56b	2713897365	96.8	250	8	0	1	250	1	1555	-1	0
dff77e7c67d98b74aa0fd40898914d0b	2551306565	100.0	250	0	0	1	250	1	1406	-1	0
4fded9f6205bc07576558113dba9c078	2505679006	84.0	250	40	0	1	250	1	1529	-1	0
0bdb9b6addce7ed524973b75c1a37803	2693429804	98.4	250	4	0	1	250	1	1544	-1	0
af55d75cc47f8d8bd388bdddc1e2c119	2556921666	91.2	250	22	0	1	250	1	1347	-1	0
38e4004abddc31cf9457c63e808d3421	2504643007	98.8	250	3	0	1	250	1	1401	-1	0
78230cb731a42eb7534f8aa2aa9383f3	2595698254	82.0	250	45	0	1	250	1	1394	-1	0
09ecba7b212bb7f27108beea572f8bb8	645951819	78.4	250	54	0	1	250	1	1520	-1	0
60545d39a33bd3e5149f60af80218305	2654587931	86.0	250	35	0	1	250	1	1534	-1	0
8f08668d725ae818ecab694518ef2c8f	2718217695	82.4	250	44	0	1	250	1	1523	-1	0
bf341c5fb5aa2e2bb819f6e6af8a82b9	2585427801	88.4	250	29	0	1	250	1	1374	-1	0
9e4bef959c9854fa63a2f41d22dc5b90	649989928	79.2	250	51	1	1	250	1	1297	-1	0
5d04d9a06bbda6211f2b4a188e95c7d3	2703719248	82.8	250	43	0	1	250	1	1495	-1	0
1c0f40b184cda94b5167ed963b5b0cb2	2508501098	92.0	250	20	0	1	250	1	1406	-1	0
cd7e14c4b24c471fca0acfb555ea6293	2574179768	92.8	250	18	0	1	250	1	1416	-1	0
af39edf7846b7c19cee621f2da58970d	2616644810	84.0	250	40	0	1	250	1	1521	-1	0
0f5f6e251f2dfefaad18527efdf64361	2236347002	100.0	250	0	0	1	250	1	1441	-1	0
75513302cc58b4afd8441cbd9649d895	2540341183	75.2	250	59	3	1	250	1	1392	-1	0
aa32739db0eda02027921f09d7369685	2509601001	84.8	250	38	0	1	250	1	1405	-1	0
ad39e60dd027742b943e042c2ed9319c	2721755270	84.0	250	40	0	1	250	1	1331	-1	0
6cfc0e7743f13bf0bd4c07c368040383	646311948	88.8	250	28	0	1	250	1	1502	-1	0
b863aa7081538e40d527e0e868025fe1	2521172662	94.0	250	15	0	1	250	1	1329	-1	0
c62e5250076990a324aa4c179afb1907	2751185673	88.8	250	28	0	1	250	1	1522	-1	0
a1958d1f6daa7e2db69ed630ea184a6b	644736322	88.4	250	28	1	1	250	1	1494	-1	0
c938057e50024b5bd73c3e2905cbe702	2634166299	92.8	250	18	0	1	250	1	1540	-1	0
524c834386d0c34b7d6e3c72db7e3ad6	2627853559	90.0	250	25	0	1	250	1	1487	-1	0
9839db597940d290f02fdd707ecf6f6b	2503707007	96.0	250	10	0	1	250	1	1507	-1	0
1fd9c9a6d747ea9657cce3c1f524976b	2522125083	81.6	250	46	0	1	250	1	1353	-1	0
1c65c9145b408edca804916b9530c5fb	2663762875	80.0	250	50	0	1	250	1	1556	-1	0
11c4ad84b3ab5e8e12557bf7ec505fd3	2236661010	99.6	250	1	0	1	250	1	1360	-1	0
a53f7e8bb5abec05bb008a8757a52ae1	2503707007	90.0	250	25	0	1	250	1	1507	-1	0
f4ad80b37c4f28a429c9f2a500685d0d	2562617131	84.8	250	38	0	1	250	1	1481	-1	0
7f5795d9e354399ec1a24ee64da44358	2687453166	78.4	250	54	0	1	250	1	1509	-1	0
ef34044dcf6d5b3686de5ef2988b0667	2634166299	96.0	250	10	0	1	250	1	1540	-1	0
aa5f8e658a75e27c070435e4a4076a3a	2508501098	90.4	250	24	0	1	250	1	1406	-1	0
b3829b6c4717e020592c78f53448e84c	643886118	96.0	250	10	0	1	250	1	1427	-1	0
68327bed033973f866ea4b72fc9aaf57	2681813515	89.6	250	26	0	1	250	1	1533	-1	0
da0650ed4323c6b2e765813f085a2109	644736322	79.6	250	50	1	1	250	1	1494	-1	0
043d03f903229b664331e0120e462a1a	2627853559	97.6	250	6	0	1	250	1	1487	-1	0
d372a8b77bb30bd6d1e458320b06a8eb	2509276062	87.6	250	31	0	1	250	1	1407	-1	0
7e0006be50f7201de9a32cddc2e98abc	2509276062	88.0	250	30	0	1	250	1	1407	-1	0
961ef36095f7615cc8115b2a316b52a7	2651870280	86.8	250	9	1	1	250	1	1419	-1	0
8142c00fae3be7f944f940e1414cbf7d	2687453745	98.4	250	4	0	1	250	1	1466	-1	0
2ef7dea4f08b5e90f9b04d21c2268f9f	2648501732	61.6	250	95	1	1	250	1	1515	-1	0
57f78437d5098a86d6c82d4523957f7b	641380434	93.2	250	17	0	1	250	1	1516	-1	0
51b5ed1e52061ce1d16ea9f266a6a1db	2693429804	100.0	250	0	0	1	250	1	1544	-1	0
2ab395dca235eec82bc890d321591132	2693429862	91.2	250	22	0	1	250	1	1540	-1	0
a5f464d177ba5da1d6c2a72b3cb0efa8	2599185205	96.4	250	9	0	1	250	1	1350	-1	0
b085e79bfcb4b67abd23ed4c8d7197c2	2667527393	90.8	250	23	0	1	250	1	1524	-1	0
a9d889b35566068125b29c56a917d9c6	2503707007	92.0	250	20	0	1	250	1	1507	-1	0
1762a16f342308d114f261066df99637	2524614570	89.6	250	26	0	1	250	1	1366	-1	0
5b36dbfe0f56b47024c5e1955b60693f	2548876533	99.6	250	1	0	1	250	1	1389	-1	0
c1e62cbe2f6e72367d7ca1a0a14853ff	2703719286	77.6	250	56	0	1	250	1	1501	-1	0
3f3fa462779e84749d486b6c8eb93372	2585427846	85.2	250	37	0	1	250	1	1425	-1	0
a7dcfdff02f2a61136833efd987fcf83	2519899582	97.6	250	6	0	1	250	1	1524	-1	0
875eca54bfbdde9ed072fb0d495424b7	2546825531	99.6	250	1	0	1	250	1	1420	-1	0
e915770a58c0161640ef5414cb5149be	2739367797	94.4	250	14	0	1	250	1	1536	-1	0
b65b0dd18f61f5648a02a7f095b8a424	2684623253	92.8	250	17	1	1	250	1	1522	-1	0
956aedf997334b53dbe48619ca6d788f	2675903007	100.0	250	0	0	1	250	1	1398	-1	0
f2212f0f5fe278dc076f251254b1d871	2523231066	88.0	250	30	0	1	250	1	1417	-1	0
29d5edcf924296c3a8e730cb26aac75f	2724679790	90.0	250	25	0	1	250	1	1519	-1	0
32bf0ca8e884c7eeb6db3f382186d9f8	640753036	74.4	250	61	2	1	250	1	1436	-1	0
200ab34e05881ddbd37f4122efe09178	2524614677	94.0	250	15	0	1	250	1	1319	-1	0
e87f0719d88ca8ea5cec1d0c3f341013	2693429863	98.8	250	3	0	1	250	1	1467	-1	0
50f6e9402b1207b7c690ecef432278c5	2616644810	82.4	250	44	0	1	250	1	1521	-1	0
28b999b358bd0dd743ce350821524f66	2582580522	82.8	250	43	0	1	250	1	1421	-1	0
563a820870ff4ee11912f841f4369ddb	2751185675	89.6	250	26	0	1	250	1	1505	-1	0
54d287ffe73ce77a297022033ca188e2	2744054537	91.2	250	22	0	1	250	1	1489	-1	0
4580d3cae324b84e5484cad52fb5cad2	2515154158	95.6	250	11	0	1	250	1	1408	-1	0
e0b582e8bfcf4d87c218e396e10d918f	2506520039	75.6	250	60	1	1	250	1	1295	-1	0
4cc2c92b481f96339ff369e7e5973981	2617271238	90.8	250	23	0	1	250	1	1522	-1	0
847296b095b9ff8b60b9daf49daa3579	2667527490	90.4	250	21	2	1	250	1	1438	-1	0
c8bc777be6e3bbe2f9ce57e843e76d69	2582581242	80.8	250	48	0	1	250	1	1385	-1	0
01051ff0e4abb6d827249c700c377a2a	2619619645	85.2	250	37	0	1	250	1	1521	-1	0
089d882b386b753483adbc5108f1a555	2508501098	86.0	250	35	0	1	250	1	1406	-1	0
041c6f603856a513b38580db1c5e1fb7	2721755270	86.4	250	34	0	1	250	1	1331	-1	0
760507c9c84c4e00f26d113d277ec175	2619618878	90.8	250	23	0	1	250	1	1483	-1	0
fdfb502895094e3a0c4da5f6773cd1dc	646564516	92.0	250	20	0	1	250	1	1479	-1	0
2ef267f7efacbbc4a22a039addb633da	2512047003	86.4	250	34	0	1	250	1	1429	-1	0
0efdcdad3b42f822bbc447fc4aeb772c	643886079	97.2	250	7	0	1	250	1	1429	-1	0
3561229780fa55cd2706d624192abbb7	2524023135	94.8	250	13	0	1	250	1	1533	-1	0
23424860db662e57da5f98109cb5f2ae	2264867243	98.8	250	3	0	1	250	1	1427	-1	0
e2589a55a695be9a230cf49736f09a41	2734482368	96.0	250	10	0	1	250	1	1540	-1	0
f99a2751238b76290034d0eed64f14a1	2754412942	86.4	250	34	0	1	250	1	1518	-1	0
f1ffb3a02b81ffd0752d4b649969975c	2512047001	87.6	250	31	0	1	250	1	1429	-1	0
1a4d87a9e4056eca4aeabc19fa8ab418	2596583625	91.2	250	22	0	1	250	1	1403	-1	0
39aa14d7db1a584e873c7b2d1c5db506	2537562047	90.4	250	24	0	1	250	1	1539	-1	0
b3fe0eb33b865e76f5d045562ff8160c	2708742463	99.6	250	1	0	1	250	1	1513	-1	0
5b8e078e1be08433ec6f717f61485023	640963040	76.0	250	60	0	1	250	1	1445	-1	0
cbbc5fad7f2dbc2c01ebcf97090f1e1b	2524614677	94.0	250	15	0	1	250	1	1319	-1	0
2292c06a09b65477a88490405d2005e7	2609459650	86.8	250	33	0	1	250	1	1549	-1	0
95c3b7f302e85ceb09d233ff544c44bc	2236661010	99.2	250	2	0	1	250	1	1360	-1	0
7536dc1fa8037c85eff0301a91f7ddb2	2537562241	96.4	250	9	0	1	250	1	1430	-1	0
97571a9a7f1b16f1f5f803af78875360	2521172694	90.8	250	23	0	1	250	1	1363	-1	0
057708326bd83f55e3768771a244092a	640427107	89.2	250	27	0	1	250	1	1542	-1	0
2b832cd3652155148fae4e3a1080b572	2512047001	88.4	250	29	0	1	250	1	1429	-1	0
18c38bf49f0d2b692cfd40f24d5dac3b	2562617198	72.4	250	69	0	1	250	1	1420	-1	0
70d0b0856d20f28b0e9fe024454e79d0	2531839654	91.6	250	21	0	1	250	1	1507	-1	0
45ddcb2cbe0e75c5c37a368e952f5ca1	2524614726	86.0	250	35	0	1	250	1	1354	-1	0
7e8bacd87d3589ad6a0033c6ad01e356	2524023062	83.6	250	41	0	1	250	1	1429	-1	0
121315c06a067f6269edce1ae068f427	2627853907_cluster	100.0	250	0	0	1	250	1	1536	-1	0
b7734037397df784b0df716a38faefa1	644736322	79.6	250	50	1	1	250	1	1494	-1	0
8c08a3fb5dada92b7cc612b659faa98f	2744054537	90.4	250	24	0	1	250	1	1489	-1	0
559e598adc9bbb9aeb543ec0969ac451	2667527490	90.0	250	22	2	1	250	1	1438	-1	0
8c1c92a2933f4f26dfb3303d467913af	2622736625	92.4	250	19	0	1	250	1	1520	-1	0
febd535a7bee9d67e6701186e8682052	2554235286	99.2	250	2	0	1	250	1	1398	-1	0
9fa838e9c4bb3bfda242627153fae513	2721755702	86.4	250	33	1	1	250	1	1535	-1	0
644130cd78d52981cffaa492ce372c8e	2675903302	76.0	250	59	1	1	250	1	1518	-1	0
320506d28888eeab6c27cf8f20becd51	2516493030	80.4	250	49	0	1	250	1	1400	-1	0
686df3095cf5fa505e5c54fbd4b6b45e	2703719248	84.0	250	40	0	1	250	1	1495	-1	0
8850fd2313553573b1fdc3742acc7ecf	2739367751	100.0	250	0	0	1	250	1	1496	-1	0
368fdb33cfa804180230d60a08b0abb2	2562617047	98.4	250	4	0	1	250	1	1420	-1	0
8020ee9705e12b689320d4017c9725ce	2681813507	92.0	250	20	0	1	250	1	1488	-1	0
ee848d6fba4a3c29b805cef87f936d23	2540341033	78.8	250	53	0	1	250	1	1509	-1	0
9440d90deecee324ffcd27a6bbd79297	2537561901	85.6	250	36	0	1	250	1	1503	-1	0
a791c3fded9303ae5f1ebea96ab7b022	2740892131_cluster	92.4	250	19	0	1	250	1	1534	-1	0
761a2c5e3136417c8dacb580c98ab85e	2617270783	90.0	250	25	0	1	250	1	1542	-1	0
63bbee07a2e6a2e32d747bc52be43fa5	2228664026	99.6	250	1	0	1	250	1	1365	-1	0
e7db5a247057fa5ceb46f32b3d92c10d	2710264577	84.0	250	40	0	1	250	1	1554	-1	0
373f1d800aa5f70ce21c741a23bb29eb	2508501098	91.2	250	22	0	1	250	1	1406	-1	0
cadd11eaa115a9673fd9d9989feb7164	2713896873	90.8	250	23	0	1	250	1	1542	-1	0
5ce7752188f6b713d41f9297efb8f47e	2684623013	100.0	250	0	0	1	250	1	1404	-1	0
7087b3d968fd95938996eec88a91f71b	639857036	98.0	250	5	0	1	250	1	1531	-1	0
8985b0057a763899634ec78bfb19c931	640963040	99.6	250	1	0	1	250	1	1445	-1	0
17c6a0719043b88ed9c1c2d306a01c5a	648276759	86.8	250	33	0	1	250	1	1429	-1	0
ae455077b4185c8f11378a4fd8c56eb3	2681812884	98.0	250	5	0	1	250	1	1527	-1	0
53aa204f53c34ffef0ba38fe733aeb29	2667527390_cluster	89.2	250	27	0	1	250	1	1519	-1	0
b8acaa0a8aa71f3313c01432f0455a5e	2508501098	91.6	250	21	0	1	250	1	1406	-1	0
cc5da34ef1c9d72c8f72dc2f3dcfb6a1	2739367951	94.4	250	14	0	1	250	1	1544	-1	0
2cea7ebfdd96a2914065f5e750fadf44	2654587884	90.4	250	24	0	1	250	1	1508	-1	0
9f7c6e2d70bebcea14b26f84d0a5b3eb	644736322	80.0	250	49	1	1	250	1	1494	-1	0
78bcacd802c8956a7959ff89cb49ae61	2521172694	90.4	250	24	0	1	250	1	1363	-1	0
5a56a9a6ef82d171b256f3901c290e43	2617271244	91.2	250	22	0	1	250	1	1542	-1	0
1ef49376b6ae51c578a9a75b5c17bf43	2512047001	92.8	250	18	0	1	250	1	1429	-1	0
d6f91ba0670d7a172d025753f13e09cf	2528768207_cluster	98.8	250	3	0	1	250	1	1466	-1	0
ed704e12425cabfcc98617042fd39bf0	2619619282	92.0	250	20	0	1	250	1	1555	-1	0
148663c7ccc520faa6fe7d150ac389da	2503707007	95.2	250	12	0	1	250	1	1507	-1	0
772feeb076ad971cfdf8e4279c591fb1	2634166268	89.6	250	26	0	1	250	1	1551	-1	0
25e996cdb4eb0ed2702f55331881c373	2617271238	88.0	250	30	0	1	250	1	1522	-1	0
52006baf405936d89aeb66b71e4d4128	2693429804	77.2	250	57	0	1	250	1	1544	-1	0
75631dc9f3cdfd4736731116bb1416ee	2503707007	93.6	250	16	0	1	250	1	1507	-1	0
af049d00d10d8221868425afff22bf47	2515154119	97.2	250	7	0	1	250	1	1322	-1	0
a5e18e1c6b2e0ad104db1caa2d188c5a	2627853728	90.4	250	24	0	1	250	1	1496	-1	0
032d8be3300973ae2e252fbc0adbd588	2524614733	91.6	250	21	0	1	250	1	1418	-1	0
ca2ffacf27799c97635af313ced56fbe	2616644810	82.8	250	43	0	1	250	1	1521	-1	0
78323a8c0225ee68f40dce658e144ba1	2639763149	87.6	250	31	0	1	250	1	1517	-1	0
612a414b72ba6f57953dcf993d920d91	2627853728	90.8	250	23	0	1	250	1	1496	-1	0
14a8085951dbdaf6f3ba262b6d655efa	2708742684	82.4	250	44	0	1	250	1	1524	-1	0
ffc8c09fafc5f9f183894dc35f099186	2531839654	92.8	250	18	0	1	250	1	1507	-1	0
ccb3da76c2ec4b1733fb43620d5a36bf	2740892155_cluster	98.4	250	4	0	1	250	1	1534	-1	0
3f465c3d8f73367a082299f90a05d21c	2579778661	86.8	250	33	0	1	250	1	1263	-1	0
10907fda3f9df1f7a222038d8c291cec	640427107	92.0	250	20	0	1	250	1	1542	-1	0
4bfe89587b28ddda26cdb38b7d95c20d	649633083	85.6	250	36	0	1	250	1	1484	-1	0
035fc9c1200569418a5a14609ed0ddb0	2619619097	87.2	250	32	0	1	250	1	1558	-1	0
f68de1dd48aed2cda7e561eee7404318	2513020036	94.0	250	15	0	1	250	1	1398	-1	0
24f12ef0de7ba4c3a628916f03562f65	2627853559	85.6	250	36	0	1	250	1	1487	-1	0
e5c32e343f2c52e378fea1289171841f	2751185726	100.0	250	0	0	1	250	1	1522	-1	0
41d3198eaae41ff96833818cd82f6f62	2731639244	98.0	250	5	0	1	250	1	1520	-1	0
c6fa4021fa9402058b1e146b7032ff63	2667527490	94.4	250	11	2	1	250	1	1438	-1	0
9976d23b5342daa758788a20e7ed6cd7	2739367526	98.0	250	5	0	1	250	1	1560	-1	0
1de828d3a439b30679d11d781f7515cc	2547132518	98.0	250	5	0	1	250	1	1349	-1	0
4e3f75ef1bd041e618601ca0b6cff52a	2634166900	99.2	250	2	0	1	250	1	1520	-1	0
afe7196ae0e6605a445288d5b7826d5d	2574179768	93.6	250	16	0	1	250	1	1416	-1	0
9137891381f9ab95d217c6174504ca31	2718217839	90.4	250	24	0	1	250	1	1489	-1	0
5740f0b28f4aacc2474ac81c1ac689c4	648028058	91.6	250	21	0	1	250	1	1502	-1	0
38c2a261f81a7ed09f39ac6f9fd0cf2e	2517572245	100.0	250	0	0	1	250	1	1413	-1	0
d609064868cc80d29042810f22a7e2ab	2519899582	96.0	250	10	0	1	250	1	1524	-1	0
f196281148293ea7aaed7e11b56e0ed2	2734482368	93.6	250	16	0	1	250	1	1540	-1	0
1a76c3089e9d64870eab766c11ccd6aa	2562617048	75.2	250	62	0	1	250	1	1376	-1	0
1a48b02d0e73cbb5a15770ad0cac4ae6	2609459650	87.2	250	32	0	1	250	1	1549	-1	0
5a044862112e9a4c8ea2983c65f26b80	2617271332	100.0	250	0	0	1	250	1	1523	-1	0
76b6b8ff082e7f1df9c921103d11c072	2690315633	87.6	250	31	0	1	250	1	1546	-1	0
cd64aefdfd317b5f68211d217191327f	2524614677	90.8	250	23	0	1	250	1	1319	-1	0
4b8da07c6219af4cfbe66864aa0d0f30	2687453744	95.2	250	12	0	1	250	1	1469	-1	0
ff245268d170d1f5cbc24d2bd5c510ed	2516653033	100.0	250	0	0	1	250	1	1420	-1	0
d9725265b3798e80b953a576abc6be76	2667527490	96.0	250	7	2	1	250	1	1438	-1	0
2e4861711b28cff24d754f03645295f9	2524614677	96.0	250	10	0	1	250	1	1319	-1	0
feeaada50f8e1408d658b2722587bd82	2517572011	89.6	250	26	0	1	250	1	1417	-1	0
6714a477209a04d2847b2c704a7a8bb8	2684622615	100.0	250	0	0	1	250	1	1286	-1	0
e2c9c53ec8fc50bbd6a896a8d5d098df	2521172694	87.6	250	31	0	1	250	1	1363	-1	0
9bfb5c95d205f0e815d5fdbfb8962af0	2528311098	90.8	250	23	0	1	250	1	1364	-1	0
389ee70f0ae584cd0855532fbee71602	2609459650	87.2	250	32	0	1	250	1	1549	-1	0
3723c53262fe95329b197aef3ab37735	2667527390_cluster	91.2	250	22	0	1	250	1	1519	-1	0
54c68e128e7a657645af7f4e268e1d6e	2634166274	99.2	250	2	0	1	250	1	1523	-1	0
5a959ca075a0da2249d7175d6ed29d00	646311907	90.8	250	23	0	1	250	1	1471	-1	0
d4110087b3af1fe5deb0aedee4557237	2574179721	89.2	250	27	0	1	250	1	1378	-1	0
fa969bc7808a3e6e8970db0ef3c67334	643886118	94.4	250	14	0	1	250	1	1427	-1	0
7712a5be8bcaa2b232c0b7bc47657029	2609459650	88.8	250	28	0	1	250	1	1549	-1	0
e2a315c8ac1ab97ea70adedf2beaad9d	2724679707	91.2	250	22	0	1	250	1	1522	-1	0
d726eee24158d9db89f6070a31c07f02	2545555880_cluster	81.2	250	47	0	1	250	1	1365	-1	0
857920e1f6fc67ecfe454c8909d058b0	2609459650	86.4	250	34	0	1	250	1	1549	-1	0
8c75d69fc30d0a8991ae2f76f1c29edb	2708742725	91.2	250	22	0	1	250	1	1365	-1	0
001e13f4e70f899fabd28ea97ce16470	2512047001	86.8	250	33	0	1	250	1	1429	-1	0
b5bf356050f89ef3a7ffcc5bd21c680c	2642422567_cluster	99.2	250	2	0	1	250	1	1544	-1	0
424e875deb48e50cf2f93a393d70cea1	2609459650	88.0	250	30	0	1	250	1	1549	-1	0
b2e157d9503dc939792af17ce592d8b1	2522572160	76.4	250	59	0	1	250	1	1433	-1	0
586b1a58697763fdfff36afadb36d598	2634166268	88.8	250	28	0	1	250	1	1551	-1	0
b060451e77e159ae6d51cd33dd6a5171	2602042099	96.4	250	9	0	1	250	1	1422	-1	0
49970c28b4abdfad3cf7ce307c3c5211	2619618884	90.0	250	25	0	1	250	1	1528	-1	0
65824139cca6796a14e50506c5350efe	2503113005	98.4	250	4	0	1	250	1	1471	-1	0
5fad79ab2c0d603dd74438dfec17f803	637000094	88.0	250	30	0	1	250	1	1483	-1	0
444665aed038d624e19d12bb5980dcf9	2721755849	97.6	250	6	0	1	250	1	1489	-1	0
0a26d610029dc171a5d54b59a4eefe77	2684623118	94.8	250	13	0	1	250	1	1540	-1	0
5407241db8df8c17c743c861e03b3a54	2236347002	98.4	250	4	0	1	250	1	1441	-1	0
59387bd87a24a39af928cccfd450aed2	637000248	83.6	250	40	1	1	250	1	1501	-1	0
c13bf670f70e8730f726a0cdfd1574eb	2721756108	100.0	250	0	0	1	250	1	1468	-1	0
9b6f8e04cf223dc00ef79398a46c9aa1	2512047001	90.4	250	24	0	1	250	1	1429	-1	0
9fa6538c479c1c2f1bb96e722d402d62	645058870	85.2	250	37	0	1	250	1	1553	-1	0
5414819187d3eaf62ef36805ee6bc548	650377991	90.8	250	23	0	1	250	1	1530	-1	0
a3db81f2cb2a1cb433d7d95c40bd7d19	2681813507	92.0	250	20	0	1	250	1	1488	-1	0
3b8b18e4bdc9e11a22666d953c6f38fa	2739367526	97.6	250	6	0	1	250	1	1560	-1	0
ee1788ab6ff771125ce5f333be3d5aca	2609460315	88.0	250	30	0	1	250	1	1521	-1	0
1708759dc2e63b59d890d20d31c06608	2608642163	100.0	250	0	0	1	250	1	1342	-1	0
9decfa80ef9550b7223479173cc00a4d	2509601019	82.0	250	45	0	1	250	1	1430	-1	0
03a104de9f9de84dd13bee3d6a50718e	2667527490	94.4	250	11	2	1	250	1	1438	-1	0
33ba7da39c2d0ffa1952414dfdcc5ebf	2228664026	91.6	250	21	0	1	250	1	1365	-1	0
0f7986139d1b36be3937f7f6dd64a9a9	2734482368	97.6	250	6	0	1	250	1	1540	-1	0
31100b1144990f436c57b2b5bed4b657	2504557021	99.6	250	1	0	1	250	1	1420	-1	0
54791e1ef22eb9300b62aab809583480	2524614677	98.8	250	3	0	1	250	1	1319	-1	0
2632cadf45ac48eeb049b8c05cc59396	2654587566	86.8	250	33	0	1	250	1	1521	-1	0
3721e4ac4c96e0b6c68b21f2aa3a5988	2721755951	97.2	250	7	0	1	250	1	1551	-1	0
be6be0015abee43bc5fbb72b32d1f410	2651870126_cluster	94.0	250	15	0	1	250	1	1537	-1	0
fefdff899da45c03693793f4a889d18d	637000326	89.6	250	26	0	1	250	1	1443	-1	0
6b2dc2f980d69a0292f2aa0f069425d7	2585427801	88.4	250	29	0	1	250	1	1374	-1	0
92325a750f6299fa904805e745f3ad3a	2545824783	96.4	250	9	0	1	250	1	1519	-1	0
d2acff26ea7e2d7e9297eb63cadc13f7	639633050	87.6	250	31	0	1	250	1	1549	-1	0
cad3392b22eb5ceef06768969df33aba	2537562241	97.2	250	7	0	1	250	1	1430	-1	0
05af7695559c8d654e00c48269d40a47	2609459650	88.0	250	30	0	1	250	1	1549	-1	0
6803ef09adc040dbe35c61dd7928d764	2684623013	99.2	250	2	0	1	250	1	1404	-1	0
ab85c3020de6388f99861c0c816dae54	646564534	73.2	250	65	2	1	250	1	1464	-1	0
24f3783a2c879a595be037b5d51702e3	2548876780_cluster	94.0	250	15	0	1	250	1	1382	-1	0
85fc7e8e0b53c3e47e13d13f16b78607	2512047001	90.8	250	23	0	1	250	1	1429	-1	0
72937d3c0f4f311e587634a981bb3ea5	2627853728	92.0	250	20	0	1	250	1	1496	-1	0
6f1eb00376749775da4102c9e46f0536	2236661010	88.8	250	28	0	1	250	1	1360	-1	0
14d95c144fee5be9100d4230be034461	2713897356	88.8	250	28	0	1	250	1	1560	-1	0
1289e49eaaca47e4311680ef68e29a0d	2681812872	93.6	250	16	0	1	250	1	1517	-1	0
39b4f2c29ad95a6f470e17bdc9b27542	2744054861	94.4	250	14	0	1	250	1	1539	-1	0
76521535b04aa16ca64313738471b2f0	2574180437	87.2	250	32	0	1	250	1	1365	-1	0
c46b0035cb7488b5bfc4de7401bba5ef	2508501098	90.8	250	23	0	1	250	1	1406	-1	0
50989ed21c297fb77057f3bf5bc3c58a	2681812872	92.8	250	18	0	1	250	1	1517	-1	0
b7f7a188b8ba96ecaba0b2471d062d26	2576861398	96.8	250	8	0	1	250	1	1418	-1	0
bd190f3388f5bf1108f9feb3abba9a39	2619618884	90.0	250	25	0	1	250	1	1528	-1	0
d29c0201c62323b93553ff5961dcf0ee	2667527490	95.2	250	9	2	1	250	1	1438	-1	0
354a0b84112a660f3ade20ea6d2c669d	2651870282	99.6	250	1	0	1	250	1	1542	-1	0
86cbff709d9c27c084c9ecee2e5a4594	2675903161	88.8	250	28	0	1	250	1	1517	-1	0
db82cca4c7605b47e0a14c32c861eb8a	637000094	88.4	250	29	0	1	250	1	1483	-1	0
e5c6015cf27e4afde47fc5a1874c66d1	646311948	89.6	250	26	0	1	250	1	1502	-1	0
6ac5ba5e6035991879abf7f9955efbdb	2744054733	94.4	250	14	0	1	250	1	1535	-1	0
f0ef28be275a0167ab4c9b2c79240827	2585427989	86.8	250	32	1	1	250	1	1410	-1	0
9363dcd525e5aad1cf64df835968e8b8	2754412942	85.2	250	37	0	1	250	1	1518	-1	0
7d07badbd445be31b023432c1f6629f0	2563367167	77.7	251	55	1	1	250	1	1506	-1	0
7dcf7b76c7be10a4b719cc62fb83fbfb	2713896873	86.8	250	33	0	1	250	1	1542	-1	0
afbd7682cc37d32c7638e2d589dcbd91	2728369575	82.4	250	44	0	1	250	1	1532	-1	0
4e2e8293530f4a19cdf435cafa90e756	2504756004	90.8	250	23	0	1	250	1	1501	-1	0
ca50ec24cba8c1c94cb489dd513dad4a	2534681666	91.2	250	22	0	1	250	1	1512	-1	0
60599769a359431bd2e1a8fd3eeb36ff	2524614879	85.6	250	35	1	1	250	1	1417	-1	0
a095e8e05b49e110415d1eb04b3be4a1	2522572195	86.4	250	34	0	1	250	1	1422	-1	0
a2c4ead6b27d5d1767bddf56ab967478	2744054537	92.4	250	19	0	1	250	1	1489	-1	0
b3ad13f8248786b0d504bb69491f996f	2510065015	82.0	250	45	0	1	250	1	1410	-1	0
3d0817935f46ec61e5c33bf08e83eccf	649989983	75.6	250	59	2	1	250	1	1545	-1	0
a19d51fff322b71b4c0b67f5e1040705	2630968972	66.8	250	81	2	1	250	1	1426	-1	0
6ea2930b7b2f19bd3dcfb8f0ad040180	639633050	82.4	250	44	0	1	250	1	1549	-1	0
3333bacb3680bc4edec204d14a21f8e3	2609459650	87.6	250	31	0	1	250	1	1549	-1	0
814c5ac22a8c2ec1ef6c1e5aa8d10d3c	2744054537	90.8	250	23	0	1	250	1	1489	-1	0
28e0f832e626075bb3b06982c7315345	649633037	82.8	250	43	0	1	250	1	1536	-1	0
1af50013762a0b88ea19f3245dea8081	2734482368	96.8	250	8	0	1	250	1	1540	-1	0
722d2ceffb3b0c2554c7394ccbfaa5e4	2576861796	89.6	250	26	0	1	250	1	1445	-1	0
29cd1c631c44e893b295562f25bf15e0	648028040	72.0	250	67	3	1	250	1	1425	-1	0
4d37284c6d87996c8ec6c625d742721a	2700988697	98.8	250	3	0	1	250	1	1471	-1	0
84027843081d9fdbebde22723bd82d09	2509276035	93.2	250	17	0	1	250	1	1407	-1	0
d35626a1fed5758190184f42d44ba05f	2734482368	96.4	250	9	0	1	250	1	1540	-1	0
ac7a6bd129382fe903e84ebce3bb5da6	2751185565	88.0	250	30	0	1	250	1	1518	-1	0
07ed5b34816c42ef0e2e28299bb55595	2506783060	98.8	250	3	0	1	250	1	1400	-1	0
98569af6b7b220133f2a869c351d7da4	2718217654	85.2	250	37	0	1	250	1	1518	-1	0
adbd621f4fcf45ea5d14ec362685778c	645058708	78.0	250	55	0	1	250	1	1456	-1	0
6b6b3bf7c334b5f0b18d1294c4331a57	2516493030	79.6	250	51	0	1	250	1	1400	-1	0
1a450841e7d5104611f1e18aa0ab0320	2582580522	80.8	250	48	0	1	250	1	1421	-1	0
cdd3bcf3016aaa6449a600dae2b2c246	2734482368	97.6	250	6	0	1	250	1	1540	-1	0
42c70a2f593e2cbb7ce0d96baac29c6d	2571042004_cluster	88.0	250	29	1	1	250	1	1399	-1	0
dca986e48b7cdb69b51e6cfffda4b988	2517572010	74.0	250	65	0	1	250	1	1392	-1	0
22dadc99d3bae81910dc3000bb845850	2508501098	94.0	250	15	0	1	250	1	1406	-1	0
78b4dd2cdfad3339431922175855ea9e	638341199	92.4	250	19	0	1	250	1	1489	-1	0
73461ccec0f5a75cca1818d30f166fbd	648276759	84.0	250	40	0	1	250	1	1429	-1	0
40cb92a91bf9c4d6df789d5d5e5c071b	2636416120	90.0	250	25	0	1	250	1	1487	-1	0
ee6b7a936e524630b3fd6634e42132b7	2667527490	93.6	250	13	2	1	250	1	1438	-1	0
91f9569e6386a818608bf46a80092acc	2545555844	98.4	250	4	0	1	250	1	1345	-1	0
f190e0a677e067171f4ff5b10036fcd9	2512047003	90.8	250	23	0	1	250	1	1429	-1	0
381e74ae6d450bc4beacb8abc749e9d6	2563366573	98.4	250	4	0	1	250	1	1539	-1	0
8c32858a3f2b9da64a71cca18a3ef7cd	2506210003	82.0	250	45	0	1	250	1	1526	-1	0
2799ea408d48bd60634af246dc47d72a	2731957717	97.6	250	6	0	1	250	1	1547	-1	0
3ef71a5f95a1a59c0df1d30a479abd7f	2708742725	74.8	250	63	0	1	250	1	1365	-1	0
9770d95043b18854563ece92c980c8f0	2600254953	88.8	250	28	0	1	250	1	1530	-1	0
ea6d6873929f4e505e0d9724ea44e391	646564559	74.4	250	64	0	1	250	1	1512	-1	0
42f3f6682b4bbf45facd966d2df1dcce	2236347002	94.0	250	15	0	1	250	1	1441	-1	0
a0849f6f3bc3cab3e5d8d040ece1f7fb	2681812872	91.2	250	22	0	1	250	1	1517	-1	0
ef41fb62979ab23647568f043b407151	649633090	86.8	250	33	0	1	250	1	1468	-1	0
6ac4306f77d2984e7069084dd80ac2d2	2671180711	86.4	250	34	0	1	250	1	1518	-1	0
eabd3311c3de211a655b065f43d296ae	2236347002	90.4	250	24	0	1	250	1	1441	-1	0
ed96629027a161ae657a16543ee8366c	640963030	88.4	250	29	0	1	250	1	1518	-1	0
59fe7b380fc9602d8a11d2c64f97e64a	2703719286	79.3	251	51	1	1	250	1	1501	-1	0
2f0e53915a6d39810c7ff94369501cc5	2515154119	97.6	250	6	0	1	250	1	1322	-1	0
4de2c6e7f2c1d4c32d0f17d40dba22ce	2582580770	96.0	250	10	0	1	250	1	1454	-1	0
d8cda527e29f11e9e7dc3ba848c7a41a	2545555844	100.0	250	0	0	1	250	1	1345	-1	0
2c6958ea9688265762ea968e4c38f508	2751185634	89.2	250	27	0	1	250	1	1490	-1	0
ec7e67c280808546048806b4e1caffb8	2634166274	94.0	250	15	0	1	250	1	1523	-1	0
d61e7cfc7c2910edc3365b960a6e8192	2667527490	94.4	250	11	2	1	250	1	1438	-1	0
224942c38246b39ec5f5769124e55b47	2739367806	98.4	250	4	0	1	250	1	1514	-1	0
f5d1d2f8c44cd90b3f21e98ac9d0a8b0	2695420929	83.2	250	42	0	1	250	1	1522	-1	0
28a02e78ffa77c654e382aa8a38f83c4	643886118	96.0	250	10	0	1	250	1	1427	-1	0
7b54e2b3a282524bce8647ead9469267	2654587566	87.2	250	32	0	1	250	1	1521	-1	0
76de3766597942db6c78170307180b12	2667527393	92.4	250	19	0	1	250	1	1524	-1	0
821dc10a5bcc90332a43509a7f8d76f6	2617270762	90.0	250	25	0	1	250	1	1489	-1	0
56b202ab16f0c307fdb9ee406c9f2d17	2744054537	90.4	250	24	0	1	250	1	1489	-1	0
c829fd8a2566dc0388d806387109c579	2739367831	90.8	250	23	0	1	250	1	1496	-1	0
63e218b24edde39b294bace2c9b78ff3	2639762659	90.8	250	23	0	1	250	1	1531	-1	0
f008090342f92aa467ce47decab46e78	2599185213	91.2	250	22	0	1	250	1	1400	-1	0
2216e6561eef2d69bebc193cac69a303	2609459650	87.2	250	32	0	1	250	1	1549	-1	0
4d2043e2976d7c6a783fe28caf6c72d9	2663762970	92.0	250	20	0	1	250	1	1522	-1	0
b83a3450ac7891aef6824966d6aff934	2563366975	90.8	250	23	0	1	250	1	1528	-1	0
1d0e0840e2ccc9e90a5559f6827c7da5	2739367784	100.0	250	0	0	1	250	1	1530	-1	0
d04ea652b8246cc818655f76a8dcdf19	2600254953	93.2	250	17	0	1	250	1	1530	-1	0
4810aca6a4407339b9326f2e8e9d45e5	2634166299	83.3	251	41	1	1	250	1	1540	-1	0
7ea654f2f75d87236d02b7f36a6d6f5a	2524614836	100.0	250	0	0	1	250	1	1420	-1	0
6b69484a390403e9cd0cdd9967124e9a	2504136012	96.8	250	8	0	1	250	1	1413	-1	0
f0970d2ce771eea5b045f2a53f0633b5	2508501038	80.4	250	49	0	1	250	1	1426	-1	0
382a3057a7ddf922406cd2b98748293b	2521172662	98.8	250	3	0	1	250	1	1329	-1	0
88b1423a7a50e9ee4fb3e9f3f7541a0e	2751185681	91.6	250	21	0	1	250	1	1496	-1	0
993018e749f43bdc3593414e0fee0818	2540341183	74.8	250	60	3	1	250	1	1392	-1	0
da649069ea0f9833574f65e79213cbd5	2675903161	86.8	250	33	0	1	250	1	1517	-1	0
72ca0a2e401dc67417c4b43638390ebc	642555119	74.8	250	63	0	1	250	1	1534	-1	0
8560b9c3d106294ae9835b5737bc2a52	2654588091	71.2	250	71	1	1	250	1	1483	-1	0
05980094dfd967f16a613e0f0fc23612	2667528167	94.8	250	13	0	1	250	1	1525	-1	0
4eb2e46543445e35588dac877e8900f6	2236661010	96.0	250	10	0	1	250	1	1360	-1	0
2dc015be5351c04614692bc3ec671987	2602042099	92.4	250	19	0	1	250	1	1422	-1	0
0edb29ba9a8bd4752162a0e621bbd3a6	2648501185	89.2	250	26	1	1	250	1	1555	-1	0
058205ca84c1de5fceac8e0301a9f3cf	2708742682	84.4	250	39	0	1	250	1	1527	-1	0
6f855a7b1f476f54b4b4d872b48bd311	2708742725	91.2	250	22	0	1	250	1	1365	-1	0
beaf9fdcbcaa1bacf21dfb0f2415c4e8	2751185661	92.0	250	20	0	1	250	1	1541	-1	0
16180d8916895b315f261d4a721dc59a	2710264577	83.2	250	42	0	1	250	1	1554	-1	0
488b3aaa3d142e242c464ff17777a66c	2509601019	89.6	250	26	0	1	250	1	1430	-1	0
30d9218c0f8964422dd5adbdef3491b6	2609459650	86.8	250	33	0	1	250	1	1549	-1	0
4fc413fae8ae6247f89669cbf63b3ef1	2708742725	90.0	250	25	0	1	250	1	1365	-1	0
fe7554948c5738a2ee1deaadd68bc6a6	638341199	90.4	250	24	0	1	250	1	1489	-1	0
3a6a8b57c7a64a5c91396c81fb941a95	2582580582	86.0	250	35	0	1	250	1	1409	-1	0
32a374f265d07ccca491a3a8f9afe992	2737471719	90.8	250	23	0	1	250	1	1487	-1	0
0b63bc7e88553f1f951527055166a6fc	2754412942	90.8	250	23	0	1	250	1	1518	-1	0
a1ba9dcd5f3d14ae8e8d1c88447ecae1	2667527490	96.4	250	6	2	1	250	1	1438	-1	0
49afe6c37cc461e974bcc27921effd33	2693429926	88.8	250	28	0	1	250	1	1551	-1	0
eddc80834a0982c6105d0e5342c7b68c	2503113005	99.2	250	2	0	1	250	1	1471	-1	0
36c29a846f34aba790142b270fd02b62	2565956804	93.2	250	16	1	1	250	1	1397	-1	0
df79215e4f11aa8e427609419eff0dde	2751185661	96.8	250	8	0	1	250	1	1541	-1	0
5145210c80da339c603737e58cb30b0f	2512047087	98.8	250	3	0	1	250	1	1343	-1	0
144ccb121f7913ccbf3aad803edb2675	2616644848	100.0	250	0	0	1	250	1	1466	-1	0
cf016ae304ff151bc5ad58026fbdff9c	2751185661	96.4	250	9	0	1	250	1	1541	-1	0
23a087c04c4dcdb2037712a2d8b270c2	2609460315	89.2	250	27	0	1	250	1	1521	-1	0
5638171bdaafa1dcb6f609a0ddd318d4	2609460248	90.4	250	24	0	1	250	1	1505	-1	0
67831d2cc040b8f7a249ccd1ca853ac9	2639763149	87.2	250	32	0	1	250	1	1517	-1	0
cb811866360fcef87065bc73cce6f08a	2236347002	91.2	250	22	0	1	250	1	1441	-1	0
f2ebdae2b2455effbdf6c42f70fd8d0e	2751185661	96.0	250	10	0	1	250	1	1541	-1	0
2cc622d85e5860299e452fc8230d7070	2236347002	96.0	250	10	0	1	250	1	1441	-1	0
7cc74da2808c9d3514cc0780756a78dd	2582580522	83.2	250	42	0	1	250	1	1421	-1	0
419aa3bb3e75f22b8fa83c3d69c7ac9c	2602042099	95.2	250	12	0	1	250	1	1422	-1	0
fe29396e220f8ce7cb56c1586d4e9e09	2506520039	75.2	250	61	1	1	250	1	1295	-1	0
140161588c8cb82ed8de8f16e119c35a	649990029	99.6	250	1	0	1	250	1	1542	-1	0
2efdf0425e6b98a2e0e403baf169b856	2648501185	90.4	250	24	0	1	250	1	1555	-1	0
7bfaa7f90dff6c876675062e176f2b47	2724679039	100.0	250	0	0	1	250	1	1294	-1	0
c0a1adea9815cc7772cc04083519468b	2579778661	70.8	250	73	0	1	250	1	1263	-1	0
46a99ca817c5648b88cfab67ac204fba	2504557021	100.0	250	0	0	1	250	1	1420	-1	0
fe4e14ad7d22e910ab63d8c914a7f0d0	2734482368	96.8	250	8	0	1	250	1	1540	-1	0
ba866354264b8b815d3060d0bd66ab10	2505119015	97.6	250	6	0	1	250	1	1414	-1	0
4b85e7fa78870681912a7d9102574989	2568526144_cluster	93.6	250	16	0	1	250	1	1398	-1	0
7745b574635a7f49fd59b89c29f81d4b	2654587884	92.0	250	20	0	1	250	1	1508	-1	0
f8221a6e5264210528d65a0e8252d586	2690315838	98.4	250	4	0	1	250	1	1486	-1	0
b7f9dcb4db7ba68a7b68db71c5dacb19	2675903161	89.2	250	27	0	1	250	1	1517	-1	0
5ae15f6288d2df59dcc4061eb9454da0	2626542099	78.4	250	54	0	1	250	1	1461	-1	0
bc66455efff25b6b254822e852e6b274	2551306126	86.0	250	35	0	1	250	1	1403	-1	0
6ec8901d95034633e8c362767ad60d2a	2609459650	88.4	250	29	0	1	250	1	1549	-1	0
59d3a3bbb877496ba00acc8fee6b6bf8	2562617048	74.0	250	65	0	1	250	1	1376	-1	0
344b5fc8a4e1c765926a69b0d62389ed	2565956804	92.0	250	19	1	1	250	1	1397	-1	0
dbaebf26acbb80a66dde611b3f20fa1e	2663763294	97.2	250	7	0	1	250	1	1546	-1	0
b34f3dde211d4835d2c13c7ff331f44a	647533249	96.8	250	8	0	1	250	1	1415	-1	0
3c5243af4129c9cf9b20db9f7e546298	2751185681	90.8	250	23	0	1	250	1	1496	-1	0
f640d120d83e7f728a645dfec855f20f	2619618805	86.4	250	34	0	1	250	1	1539	-1	0
10af044f077d356112f1a4adc7f166b8	2626542099	76.0	250	60	0	1	250	1	1461	-1	0
ec201533d0fd91ada33759513872d4ce	2512047001	90.4	250	24	0	1	250	1	1429	-1	0
8a6573812dd4ae9295de90e024f1f266	2515154158	95.2	250	12	0	1	250	1	1408	-1	0
d85e155677df083baa52bb2249c6762e	2519899582	87.6	250	31	0	1	250	1	1524	-1	0
f2f70cd478641764a3d8da87788ee950	2627853728	90.4	250	24	0	1	250	1	1496	-1	0
c0a33a9dce7cb42b1419a44040844f56	2545555864	98.4	250	4	0	1	250	1	1398	-1	0
16751fb5edef859a0d47cf0addfb03af	2509601019	84.4	250	39	0	1	250	1	1430	-1	0
d26cf7d1093438a24e3b7d179805e864	2639762817	88.0	250	30	0	1	250	1	1557	-1	0
bd070e1fd2644d6064cb1f41871d3f13	2507262036	87.2	250	32	0	1	250	1	1477	-1	0
82b1079e1ab6d061c05e33d736200a48	2728369273	86.4	250	34	0	1	250	1	1483	-1	0
d95cd48203595cd026bcb4a5505d1a43	2634166268	92.8	250	18	0	1	250	1	1551	-1	0
0e0df015b1bf3864a4b8347fd90b6cfb	2654587632	90.0	250	24	1	1	250	1	1516	-1	0
91e2a4299350986e816d2d0b49566af8	2528768159	94.8	250	13	0	1	250	1	1407	-1	0
dcbcf80a70b47ee63fb2b0b4557bc105	2619619054	94.4	250	14	0	1	250	1	1492	-1	0
376f513166f79a9c8e65c21a26419306	2545555880_cluster	82.0	250	45	0	1	250	1	1365	-1	0
718e5d5652f57885de2c0aac6b49c8ad	2236661005	91.6	250	21	0	1	250	1	1391	-1	0
2cdc420455df7d2824c7cfee81a35ce9	2540341173	100.0	250	0	0	1	250	1	1518	-1	0
d9e05966183c97d6875ef00f360311e1	2585427911	93.2	250	17	0	1	250	1	1406	-1	0
0b696d142d9ffad29bad32f4d4601975	648028027	85.2	250	37	0	1	250	1	1525	-1	0
a12cc41a4d49a8c42f67ea17e36d89e2	2609459650	88.4	250	29	0	1	250	1	1549	-1	0
5b3eda6facd8528e2fa5104ff7cd8085	2681812878	92.4	250	19	0	1	250	1	1487	-1	0
b5f48ede36f65ceef4aedcefd40d3104	2675903007	98.0	250	5	0	1	250	1	1398	-1	0
8483b2934a10483cfee7d3f25b791766	2507262043	74.0	250	63	2	1	250	1	1301	-1	0
b69be67f8a5ffdd99074e20702ef8bfc	2508501098	93.2	250	17	0	1	250	1	1406	-1	0
b1bea4bcfb495a29e8321139d3a6cc75	2667527490	90.8	250	20	2	1	250	1	1438	-1	0
8665809143df8a9a30c741123719ddf6	2651870326	94.0	250	15	0	1	250	1	1518	-1	0
59f37d3b18dbf3944b027e9f20968db3	2751185673	93.2	250	17	0	1	250	1	1522	-1	0
f97cb34ad398d706962eaee2af48de1e	2744054813	90.0	250	25	0	1	250	1	1523	-1	0
1156b073dfd01576bed0b4c3de5ca062	2690315823	94.4	250	14	0	1	250	1	1513	-1	0
235b4570620371bed7b9170d48ef9f17	2609459650	86.4	250	34	0	1	250	1	1549	-1	0
c5b30cc941dd6bed15ac180626a945f8	2651870030	100.0	250	0	0	1	250	1	1523	-1	0
bef408ad5aba9ead6eab88ab358467ba	639857036	99.6	250	1	0	1	250	1	1531	-1	0
6a02b4015bce73d6aa6d2b6f64a326e7	637000136	98.8	250	3	0	1	250	1	1533	-1	0
3111faa4f470179c208566476dd3085c	2684623253	90.0	250	24	1	1	250	1	1522	-1	0
2c78aac79683c0e58a8d6e496eaabd11	2626542099	78.4	250	54	0	1	250	1	1461	-1	0
c08e27570802cc22060faee6a87faf57	2521172662	98.0	250	5	0	1	250	1	1329	-1	0
a3bbd161ae0fea06c83185c7a0a4cd80	2522572155	89.2	250	26	1	1	250	1	1422	-1	0
2defb542e2071571d29b60ad27103b7e	2721755956	95.2	250	12	0	1	250	1	1560	-1	0
30fca720405cc18da98ea460c6589b9f	2574179768	93.6	250	16	0	1	250	1	1416	-1	0
48801280a1883896dbc11e2f9b1573b7	2574179768	93.2	250	17	0	1	250	1	1416	-1	0
6dfc4b9869ecc4b2d3fb1fda69a8372c	2619619241	98.8	250	3	0	1	250	1	1520	-1	0
6185a14ca6077ae4a3df4ba537930735	2515154145	83.2	250	42	0	1	250	1	1408	-1	0
cc42fa5e5c99ba120c3037b203e8e52c	2228664040	99.6	250	1	0	1	250	1	1408	-1	0
cf85e869f22a3c1e1a1545014c16849d	649633083	87.2	250	32	0	1	250	1	1484	-1	0
bc5c2a00bc208d90095d6af405f54718	637000136	98.0	250	5	0	1	250	1	1533	-1	0
3e3787c28783dac926c4f00b87d815a2	2751185577	84.4	250	39	0	1	250	1	1559	-1	0
3a02d75706ffe1d58665dca345409959	2681812872	93.2	250	17	0	1	250	1	1517	-1	0
8d33f7e20665ea4691aaf308dfa9eb17	2671180036	94.8	250	13	0	1	250	1	1535	-1	0
66169569daad5d8c05c7705a9fb630ee	641380442	92.4	250	19	0	1	250	1	1486	-1	0
ada2234ac58fde303d646240f96066de	646311948	89.6	250	26	0	1	250	1	1502	-1	0
4db23ff88128d25cd13a5083ce6424a9	2561511204	98.8	250	3	0	1	250	1	1257	-1	0
04fdd083aa3938e56adb890749b3bdae	2602042099	94.8	250	13	0	1	250	1	1422	-1	0
2b9019a24c5770406ed713460475c006	2517572011	86.4	250	34	0	1	250	1	1417	-1	0
abf17e7ff9a6999ab4ca3c88dc8ba8b8	2524614672	91.6	250	21	0	1	250	1	1412	-1	0
e8ec035c84100528c1c4023050ff65d5	2718217654	85.6	250	36	0	1	250	1	1518	-1	0
5914fe58a4b41c2c30e0d8f29c0cdcc9	2563366573	90.4	250	24	0	1	250	1	1539	-1	0
d3d9d0840341b1be6ed971c430d32dc4	2597490371	90.8	250	23	0	1	250	1	1398	-1	0
ead73e91d97683ae03d37fb592e43675	2515154145	83.6	250	41	0	1	250	1	1408	-1	0
65107c0ea7870f0703ac47b441116d9d	2522572195	86.4	250	34	0	1	250	1	1422	-1	0
7c0a21c695e94abbb2e67c7ab521d748	2609459650	86.4	250	34	0	1	250	1	1549	-1	0
635b98438315f4efd1d833aca565eb55	2667527490	88.8	250	25	2	1	250	1	1438	-1	0
ecfa63cf1508820d25aa58e11050966e	2622736599	85.2	250	37	0	1	250	1	1525	-1	0
7b4beda01d4af5cbc6365fcd3559b5b5	2731639244	95.2	250	12	0	1	250	1	1520	-1	0
f9a5e11344f10869ae79bd5d5f48bffd	2264265196	89.6	250	26	0	1	250	1	1433	-1	0
1a96d9acc4bc9a75d1a29d9c7d7eaecd	2739367806	98.8	250	3	0	1	250	1	1514	-1	0
020fc1756889734436abb2ca4707283f	2751185740	98.4	250	4	0	1	250	1	1525	-1	0
668718f5fb65007c3c2586921ca5e8ad	645058870	85.2	250	37	0	1	250	1	1553	-1	0
60ecc1bf4f1df35f83a51eda0e9e45c5	2681812872	90.8	250	23	0	1	250	1	1517	-1	0
0ca63f81f0eb3036bd1623299db893d5	2634166268	93.2	250	17	0	1	250	1	1551	-1	0
7aa4f62956a166e230689c1ea0b62d38	647533188	92.8	250	18	0	1	250	1	1425	-1	0
42a32787b7046092dbe64db503f32bf1	647533124	98.4	250	4	0	1	250	1	1342	-1	0
e0a417405824801625bc3df5b1682463	2585427911	88.8	250	28	0	1	250	1	1406	-1	0
16463af817e4891e9f138aae029d38c7	2515154158	96.0	250	10	0	1	250	1	1408	-1	0
ec54040d3d8939bcb15e42f43c81202e	2551306469	85.2	250	37	0	1	250	1	1420	-1	0
6940d5e9ea22770eaa71276f3ac4102a	2667527390_cluster	90.8	250	23	0	1	250	1	1519	-1	0
e5ddc28e08dca4c8305fc0005a7e40b2	2609459650	88.4	250	29	0	1	250	1	1549	-1	0
63b00220d1589264c58a47b626c4a802	2518645532	99.2	250	0	1	1	250	1	1390	-1	0
4af2044421a88a4e12e9a42b896f851d	2737471816	81.2	250	47	0	1	250	1	1527	-1	0
e8fdf38d223475663bfb88272f7a4157	2228664027_cluster	100.0	250	0	0	1	250	1	1415	-1	0
520ee23809f9658a420a22975ba45aa4	2700989245	100.0	250	0	0	1	250	1	1309	-1	0
d52eba282347defcb2841376fc2a3268	2708742725	90.4	250	24	0	1	250	1	1365	-1	0
34c47900eb91ff9cf0f8f78cf8852b79	2506485001	99.2	250	1	1	1	250	1	1486	-1	0
d85d1f863c925284a5a1da8b581c8832	2609459650	87.2	250	32	0	1	250	1	1549	-1	0
7d659af0fa9a765ff538498caaed5ed1	2627853728	91.6	250	21	0	1	250	1	1496	-1	0
a458a874fc9831d6ee5b8eec31847a8d	2708742533	88.8	250	28	0	1	250	1	1535	-1	0
28a8ae8aa9edc609b079703d7002dad4	2504557021	99.2	250	2	0	1	250	1	1420	-1	0
6ec04333882908e85236bd7caa0a8335	2508501098	92.4	250	19	0	1	250	1	1406	-1	0
a38379535e6696b78a80adf98c3500f3	2681812881	88.8	250	28	0	1	250	1	1546	-1	0
ef01cbdca9a390aa5337de76b09e174c	2721755703	89.2	250	27	0	1	250	1	1553	-1	0
79a452e06754f517de9543f191685b05	2693429926	88.4	250	29	0	1	250	1	1551	-1	0
3305d3d51437ae7131861b72562861a6	637000157	98.4	250	4	0	1	250	1	1457	-1	0
e96343b366b3c110e5b9b79c474289c8	2681812872	91.2	250	22	0	1	250	1	1517	-1	0
576515123be07f43e3ba4aa21e64f39f	2540341183	76.4	250	56	3	1	250	1	1392	-1	0
9539118712100b8aa19388184f872575	2671180036	95.2	250	12	0	1	250	1	1535	-1	0
7d8d5a6b6c6d9ab49cf378fe31e4aa4b	2236347002	88.4	250	29	0	1	250	1	1441	-1	0
e4b27b225537af683826f5a407b49bb0	2687453111	78.8	250	52	1	1	250	1	1556	-1	0
32b4409d613a7d067f99ecb20eb3cc02	2524614677	88.4	250	29	0	1	250	1	1319	-1	0
8617e996e9cd42429860827450b2d157	2687453745	97.2	250	7	0	1	250	1	1466	-1	0
27aaaf005c8e397e4ee1058fa3c5d9de	639633001	93.6	250	16	0	1	250	1	1508	-1	0
68fe3f640da5f288dc3a0b716a5b8642	2739367751	99.2	250	2	0	1	250	1	1496	-1	0
b5869b29c32ca7a1c05f9fa3dee00b8c	2519899582	94.0	250	15	0	1	250	1	1524	-1	0
526b2b886adaffe2c5ab24cfe8fa7a52	2524614733	98.4	250	4	0	1	250	1	1418	-1	0
145ddf932caf33ec3592a318a23243bf	2734482368	97.2	250	7	0	1	250	1	1540	-1	0
88cab936e1d3e57fbd557c7910b032d1	2681812872	93.6	250	16	0	1	250	1	1517	-1	0
da4127ee3cf93ce91b3ceb8cd62dbcf0	641380439	98.4	250	4	0	1	250	1	1519	-1	0
ea9105010ac5717ad9a8858c9a268171	2626542099	77.6	250	56	0	1	250	1	1461	-1	0
d8cbffb809c20430f64bd3eaee78a9ac	2576861454	83.2	250	41	1	1	250	1	1468	-1	0
94d6877b0ec461fe72e2d6639a29f736	2751185681	95.2	250	12	0	1	250	1	1496	-1	0
de28f3effd8f3c237f8d90a438cc1f47	637000094	87.2	250	32	0	1	250	1	1483	-1	0
8e4f2445190489a75d16ac738fcf95dd	648276759	79.6	250	50	1	1	250	1	1429	-1	0
bb3609175382b4293c04137d3cdb64c6	2509601019	85.6	250	36	0	1	250	1	1430	-1	0
db6f1db2d42293e667585fb67d7f2ad9	2236347002	98.0	250	5	0	1	250	1	1441	-1	0
cae556f45385df07211a123a3a288271	2654587921	80.0	250	50	0	1	250	1	1540	-1	0
823cfb1d83961d4ea23962801a68a853	2731957971	99.2	250	2	0	1	250	1	1525	-1	0
2d0db038bb87f645a81048b4a19035f6	2751185577	83.2	250	42	0	1	250	1	1559	-1	0
b7c7d01a4321cc38f25d461f7d0b6404	2512047003	89.2	250	27	0	1	250	1	1429	-1	0
4017605593a9d75a38365c6136f56758	2546825531	88.4	250	29	0	1	250	1	1420	-1	0
701b23f7233d2efcf0741fbdcdc1d8b9	2616644821	95.2	250	12	0	1	250	1	1465	-1	0
52003fb7b144e3bd88c4bb1a95def8b4	2660238685	92.4	250	19	0	1	250	1	1546	-1	0
32ca11f6348a7ca2628476ef7c9d3d51	2503113005	95.6	250	11	0	1	250	1	1471	-1	0
1ebf7b11351b9ab22744ec692bba4986	639857036	96.0	250	10	0	1	250	1	1531	-1	0
f4bd6dec9a722054f01b07a6c524a169	2600254953	92.8	250	18	0	1	250	1	1530	-1	0
465cf9db89bd8bfdb92d5b27ff283808	2728368988	88.0	250	30	0	1	250	1	1486	-1	0
9bcab3512c58fde4dcd2db87110b5812	2708742725	91.2	250	22	0	1	250	1	1365	-1	0
8ef2f4860693924c0623b69e2c57bf5b	2609459650	86.0	250	35	0	1	250	1	1549	-1	0
cde1cb94a3dc8922d48f7f11f05039b7	2524023062	85.2	250	37	0	1	250	1	1429	-1	0
ad54ba322a9d370eb0240804b85232b0	2718217661	84.4	250	39	0	1	250	1	1521	-1	0
424a892392ff0ccb589e2a2c999a7939	2700988733	73.6	250	59	2	1	250	1	1454	-1	0
6a1364e6cbd3362e807010fa68d0e8db	2609459650	86.8	250	33	0	1	250	1	1549	-1	0
6766147bc7fad9e5d32fc4ea2ef725bf	648028040	72.4	250	67	2	1	250	1	1425	-1	0
7ec51554f68cf7100596b6455c6bd2d1	2667527390_cluster	91.6	250	21	0	1	250	1	1519	-1	0
8747682df80164ff0fa4bf6ef8d928ea	2512047003	86.0	250	35	0	1	250	1	1429	-1	0
66b7482450f94135bb7523d545254aac	2508501048	86.4	250	34	0	1	250	1	1409	-1	0
867644f96ebaf0708fbe699d40b237be	2721755956	92.8	250	18	0	1	250	1	1560	-1	0
f962721046a056da8160fbcda9c88d68	2228664040	94.4	250	14	0	1	250	1	1408	-1	0
26702dc74bdda27df8abd5ed55462b8a	2236347002	94.4	250	14	0	1	250	1	1441	-1	0
70a544cad37287c13d6a49e23a0b4d29	2734482368	96.0	250	9	1	1	250	1	1540	-1	0
ba2c429e135cbec247ad731cce1e916a	2590828656	95.6	250	11	0	1	250	1	1479	-1	0
6985b65dbb8489c56207baeef4962c11	2728369273	86.4	250	34	0	1	250	1	1483	-1	0
52d986f4a49227f17766c3b663cde627	2512047003	86.4	250	34	0	1	250	1	1429	-1	0
6178f8398e011a3c6917a15d4ecfaed1	649633083	86.4	250	34	0	1	250	1	1484	-1	0
5382a47f301303b62ad43d6283282bca	2684623253	90.4	250	23	1	1	250	1	1522	-1	0
1bb3eeb5446af918495f5052a0dfeb15	2739367797	99.6	250	1	0	1	250	1	1536	-1	0
a1037647d40072f39534b47dc5bff6ac	2731957799	78.0	250	55	0	1	250	1	1555	-1	0
7f426331c52848693c2d84985a921e1a	2634166900	100.0	250	0	0	1	250	1	1520	-1	0
b75a2e7939d6897eabe312dfa51648e5	2513020048	91.6	250	21	0	1	250	1	1382	-1	0
1ecc1ac2c982184455eb317030a12185	643348534	69.2	250	77	0	1	250	1	1474	-1	0
c5c54bac840e795e20cbf65d255127f9	2651870280	90.4	250	0	1	1	250	1	1419	-1	0
ccdd4092f1b129740bd0530a8ce4d55a	2515154132_cluster	77.6	250	55	1	1	250	1	1428	-1	0
cf1d445d78365fbe4a15e8492f959142	2713897356	81.6	250	46	0	1	250	1	1560	-1	0
1e566b682d5689fedc4b3ad7096f9180	643886118	92.8	250	18	0	1	250	1	1427	-1	0
f22bdaf33f29e0060ae834b3b61e84e3	2503113005	99.2	250	2	0	1	250	1	1471	-1	0
740b6a959d132a660ce6c23062e742dd	2724679707	91.6	250	21	0	1	250	1	1522	-1	0
b1253e32e08a308ea6579b82b74e0e44	2651870280	88.4	250	5	1	1	250	1	1419	-1	0
5169db6386f3461501487fa57275ee09	2619619282	89.6	250	26	0	1	250	1	1555	-1	0
7de7552214b5bf9b675252b96487f733	2708742682	84.0	250	40	0	1	250	1	1527	-1	0
323f2cd6a109e0903e1ff44c416c4921	2654587921	79.6	250	51	0	1	250	1	1540	-1	0
0a469ba5997c16921c8fb855638d1434	2687453255	97.2	250	7	0	1	250	1	1536	-1	0
3d94f90d8a0b1603cac8cc8646b069c5	2721755951	96.4	250	9	0	1	250	1	1551	-1	0
236e37c2f3edfe2d3097f3bd16b0632e	640427107	92.8	250	18	0	1	250	1	1542	-1	0
1c36aa80e5b8e1a40fcd5fe66b1fcaae	2667527490	90.4	250	21	2	1	250	1	1438	-1	0
84b95bbd74737c2490582430c54d5b33	2744054537	91.6	250	21	0	1	250	1	1489	-1	0
07c751b40f6095726ec5899b0b6463e6	2514885042	99.6	250	1	0	1	250	1	1341	-1	0
f0164941b03c861e9b6313292155c943	2724679707	89.2	250	27	0	1	250	1	1522	-1	0
0a44a86c82984fccb30f5ae0141cc890	2540341183	74.8	250	60	3	1	250	1	1392	-1	0
610a8ea964ccd9a6c6eeabb23fa2c350	2675903691	90.4	250	24	0	1	250	1	1505	-1	0
35646ddade3e38888e43263cfe42dd67	2744054861	96.0	250	10	0	1	250	1	1539	-1	0
d807a846385897d59375c0d618cad04b	2639762659	90.4	250	24	0	1	250	1	1531	-1	0
85db6085e446ce25ec1ed841c34fdfcd	2508501098	91.2	250	22	0	1	250	1	1406	-1	0
8fb89661800388f35fa7679b4329d6ac	2609459650	86.8	250	33	0	1	250	1	1549	-1	0
f465086a2c9fc9d2da3185a5865e9783	2585427611	90.4	250	24	0	1	250	1	1362	-1	0
2ae1e056f8bf35ab229bc478e18db8f0	2634166346	84.4	250	39	0	1	250	1	1559	-1	0
46cc491fbc508ebcb8357f8e440081dc	640427128	77.2	250	57	0	1	250	1	1448	-1	0
dabe110d0d0bc30ee96193fcf319dad8	2721755117	84.4	250	39	0	1	250	1	1553	-1	0
033516089a4703a79d42ee823c1eb4e8	2503707007	94.0	250	15	0	1	250	1	1507	-1	0
22796f78af5ec8a7041996307f59d37d	2528311098	87.2	250	32	0	1	250	1	1364	-1	0
bee62d46a91c285f6e8a3bcc5cf7eee3	2524614548	83.6	250	41	0	1	250	1	1425	-1	0
5edf38c25be373edeec8a4e77d541c6f	2579779169	99.2	250	2	0	1	250	1	1343	-1	0
9f1906bc549a5bc555809eb747f2cfaf	2643221550	85.2	250	37	0	1	250	1	1485	-1	0
a2db9db8538e0513525d91ace65268a8	2576861398	96.0	250	10	0	1	250	1	1418	-1	0
c2009ca15b0f1926e457d57ff236e964	2504756004	90.8	250	23	0	1	250	1	1501	-1	0
2b1fbfe6c27ee4b3a8e221658219737b	2585427911	84.4	250	39	0	1	250	1	1406	-1	0
4f1cbd7f9953230a534351cde3f39676	2502171178	96.8	250	8	0	1	250	1	1498	-1	0
4de03c4080956db6550e45cad16dd303	643886118	96.8	250	8	0	1	250	1	1427	-1	0
6ba5877b31f630b23222bd8f9115e49b	2579779085	94.0	250	15	0	1	250	1	1510	-1	0
81c3b4d159825b9300e8ddb1ef5b3388	2512047001	90.0	250	25	0	1	250	1	1429	-1	0
de225f265192c679f86afc2ad2f2940b	645058870	85.6	250	36	0	1	250	1	1553	-1	0
e7f683915eb6003a80a959365cd9a95f	2597489864	96.8	250	8	0	1	250	1	1535	-1	0
34867f0d4a84381d0b30abf4f950f1fb	2597489864	96.8	250	8	0	1	250	1	1535	-1	0
ae12274bd1c1c0a71a73d5761aa9bc4e	2634166268	90.0	250	25	0	1	250	1	1551	-1	0
8b3ba0a264a2857dd127e3bfd15ba69a	2515154119	97.2	250	7	0	1	250	1	1322	-1	0
572bf487bdd61820e70759a548b1d359	2518645532	98.8	250	1	1	1	250	1	1390	-1	0
c51c5866040cb822f1c779cdc6a80238	2693429896	96.4	250	9	0	1	250	1	1517	-1	0
06ea537d56ef70d8f6a64d4d439107c2	2556921666	95.2	250	12	0	1	250	1	1347	-1	0
db674a6d7a98e99aa21b37ada014d62b	2236661010	89.2	250	27	0	1	250	1	1360	-1	0
341c3a2a39ff228123778ae5d53dceba	2502422304	98.0	250	5	0	1	250	1	1545	-1	0
4f1d0cc5472170e45c6820ed4256d6c7	2509601019	86.0	250	35	0	1	250	1	1430	-1	0
ed31c4594c03123c0e04ee9a1a3c3711	2574179721	91.2	250	22	0	1	250	1	1378	-1	0
28272bb17555091039ee765017c50496	2718217695	78.8	250	53	0	1	250	1	1523	-1	0
5754d7df868c7e3e361f47c8b40b85f9	2734482257	79.2	250	52	0	1	250	1	1527	-1	0
949c8bb0118d8ec84dc51a7abd18bc82	2634166342	91.2	250	22	0	1	250	1	1531	-1	0
545a132599d8139b8781726b56bd128d	2597489864	96.4	250	9	0	1	250	1	1535	-1	0
8599f77a8770bd9b981ff34218d3a538	2509601019	86.8	250	33	0	1	250	1	1430	-1	0
f1c95640b63dc5ec700b36de212e64db	2681812872	94.0	250	15	0	1	250	1	1517	-1	0
8a559dbdbcb2f00dc9caa9e164b7b790	2513237293	99.2	250	2	0	1	250	1	1415	-1	0
73839a19409b82f97db23b1bc16bf8ef	2634166268	94.0	250	15	0	1	250	1	1551	-1	0
309a65d6944582c52f8e9d5fbb470cb3	2524614677	88.0	250	30	0	1	250	1	1319	-1	0
83d8a56c975eb8cdf94baa8fc5264f2f	2710264577	81.6	250	46	0	1	250	1	1554	-1	0
792e2d9f7e596674d38ba0218f72290d	647000291	100.0	250	0	0	1	250	1	1478	-1	0
790e26d643c139adf0fe544217949fc1	639857036	96.0	250	10	0	1	250	1	1531	-1	0
bf96b6b8499402dee2571b2018b566b4	2503982041	100.0	250	0	0	1	250	1	1374	-1	0
424240ef3fb8c8480944269c5f2f3d28	2517572011	86.8	250	33	0	1	250	1	1417	-1	0
2c6df72cda8c934d63d924d437cc5545	2512047001	90.8	250	23	0	1	250	1	1429	-1	0
1fda9a05dc1a56d6898f0e626fbb31b5	2728369273	86.8	250	33	0	1	250	1	1483	-1	0
558419359f23ef332ffaaf75d352a65e	650716015	83.6	250	41	0	1	250	1	1500	-1	0
741f1be526940e783d53faf003c3672a	2663762778	100.0	250	0	0	1	250	1	1541	-1	0
c1e4a34a87b492abfa93ca104144f755	2718217839	92.8	250	18	0	1	250	1	1489	-1	0
0109325778c740f7238ae2b986435898	2509601019	87.2	250	32	0	1	250	1	1430	-1	0
fb9e13706d4aa7f1515c146f0777f521	2541047557	78.8	250	53	0	1	250	1	1504	-1	0
85d106aeb2f6956d0d1ec8001d232f0d	2609460214	92.8	250	18	0	1	250	1	1516	-1	0
1fb8e203cdacd5dac163e58c9ad4dc7e	2713897356	90.4	250	24	0	1	250	1	1560	-1	0
085f772f342daa6c3f9f502a2f4f5310	2506520043_cluster	90.8	250	23	0	1	250	1	1420	-1	0
8012f7939543af6cfb8201a0b68f036a	2503707007	88.8	250	28	0	1	250	1	1507	-1	0
2840fdaf1fc1402b4118d328c00b31a4	643886118	95.6	250	11	0	1	250	1	1427	-1	0
dce651789471074295835bc29439f809	2506520013	85.6	250	36	0	1	250	1	1503	-1	0
ddab69eeb004ae3a71dc9e9b325cfd03	2627853728	92.4	250	19	0	1	250	1	1496	-1	0
e459cc80d431b0f8e091a0ea4f2ab833	2511231049	90.4	250	24	0	1	250	1	1406	-1	0
7f79d9508383a084e8d54ebb07920ccd	2528311092	93.6	250	16	0	1	250	1	1422	-1	0
e009fe37176c1e829c585c0247580b37	2667527490	88.0	250	27	2	1	250	1	1438	-1	0
be5c51e0ca3c46435108cd3e0e01440d	2531839096	89.6	250	26	0	1	250	1	1480	-1	0
24c3cf9135bceb07162e71e44991fcfc	2654587890	100.0	250	0	0	1	250	1	1486	-1	0
892db371bf1b69dd871aa28c03457dfe	2602042099	93.2	250	17	0	1	250	1	1422	-1	0
9dc57272662be5bdd6c31533b1eed4ea	2596583625	91.6	250	21	0	1	250	1	1403	-1	0
fdbc738a11df66ff7316ce1c8fa189c8	2751185634	85.2	250	37	0	1	250	1	1490	-1	0
8e66dfb382fd20d6fd5b1a9dad202758	2514885042	99.2	250	2	0	1	250	1	1341	-1	0
de7694bd297f1778b6f104ef97ecca40	2556921666	90.4	250	24	0	1	250	1	1347	-1	0
2c8be6cea998f595e8afcefa4a20d7d8	2737471719	93.2	250	17	0	1	250	1	1487	-1	0
bfb88559944dfcea9bd499d61a95da17	2513020048	91.6	250	21	0	1	250	1	1382	-1	0
60bc584236085a919aded81fda5295f4	2524614677	88.8	250	28	0	1	250	1	1319	-1	0
2411b7ae3deecbbfe3ca3f295da1eb04	2540341183	76.8	250	56	2	1	250	1	1392	-1	0
a49efcec56d5541fdc37d63f6b990260	2590828686	99.6	250	1	0	1	250	1	1536	-1	0
fcb6176f94f2cd57984d9acbd1703a49	2236347002	98.0	250	5	0	1	250	1	1441	-1	0
e7de06e22d2393f39d227e0c04363749	2509601019	86.0	250	35	0	1	250	1	1430	-1	0
1a8a836063a7d62bb52a9cca65676dfe	2504756037	77.6	250	56	0	1	250	1	1422	-1	0
e9764ed491f922a162f5ac952e1a200c	649633067	71.6	250	68	3	1	250	1	1424	-1	0
8e90ac3aff93b4e4b9b2eca34a8d77d6	2516493030	80.4	250	49	0	1	250	1	1400	-1	0
ec8f34624bdc4aae241250536b5c8439	2718217695	80.8	250	48	0	1	250	1	1523	-1	0
68a166ab0ed0ebc6346e7729535532df	2708742533	88.4	250	29	0	1	250	1	1535	-1	0
c5f26f57f0873cec0181beac8773366b	643886118	93.6	250	16	0	1	250	1	1427	-1	0
8320ac45e179e9c87381c237d2fb7f4d	649633083	88.4	250	29	0	1	250	1	1484	-1	0
f8c123e44c8cf26ffaf1ada807683b10	2675903220	85.2	250	37	0	1	250	1	1532	-1	0
eb89b9e9e9e8f5b2c3827b9d3ee5b151	2556921666	94.4	250	14	0	1	250	1	1347	-1	0
d5383f2754c838836ea640717b06c74c	2512047003	87.6	250	31	0	1	250	1	1429	-1	0
2cfb50f96759d19a842a0a7044b5c3e6	2751185584	82.0	250	45	0	1	250	1	1503	-1	0
d91d435c52b21dbdbaed11798d318389	2716884132_cluster	85.6	250	36	0	1	250	1	1499	-1	0
78f40315a52c687cf3f10c376ed6eb9d	637000005	86.8	250	33	0	1	250	1	1528	-1	0
91d0f625bb402d991cecb581809c1cac	2737471816	82.0	250	45	0	1	250	1	1527	-1	0
d7f674be54552f713f776b0e07778d4e	2708742725	89.6	250	26	0	1	250	1	1365	-1	0
70c46b6fb0d9c281600f0eb0eba4b8e9	2509601019	86.8	250	33	0	1	250	1	1430	-1	0
8147858354da9d65e5324ee7d530fb49	2751185565	87.6	250	31	0	1	250	1	1518	-1	0
b44def23c8795b83b6bd76265158f471	2593339136	81.6	250	46	0	1	250	1	1405	-1	0
b32fc657a158abf94c6678d5215bfa5e	2563367139	91.6	250	21	0	1	250	1	1403	-1	0
a24d5224aa271c8f88cc12f84f7a1269	2503113005	98.8	250	3	0	1	250	1	1471	-1	0
c4498aab331f83dc98851e2cfaf1fd22	2595698254	81.6	250	46	0	1	250	1	1394	-1	0
151925ed564300bafdec277f398dab18	2634166268	92.0	250	20	0	1	250	1	1551	-1	0
353b892aa5d5fc5a15654a8e5912455c	2518285527	80.4	250	49	0	1	250	1	1420	-1	0
789f2df07988333d2215ae613ec8c41e	2590828656	96.4	250	9	0	1	250	1	1479	-1	0
4d5e07c28d2c2b0d97bc06a1a7e84f37	2541047597	78.0	250	55	0	1	250	1	1526	-1	0
511b4d3b906198e510c58d310e3463dd	2739367526	98.4	250	4	0	1	250	1	1560	-1	0
749ff49ee3bea8d5c6bf11fac2b9fbdc	2561511204	100.0	250	0	0	1	250	1	1257	-1	0
9e40cecc03b8de4ef7a12653f64ada80	2504557021	99.6	250	1	0	1	250	1	1420	-1	0
abd5601f89453d7254d2addc1a46684f	2512047004	90.8	250	23	0	1	250	1	1427	-1	0
b99c618e07194f262c026c45531f0407	637000326	97.2	250	7	0	1	250	1	1443	-1	0
09ae30aedd9d174bd10783d076732420	2622736459	85.2	250	37	0	1	250	1	1435	-1	0
660f8ebca60a7a8a6928e6f260279bad	2626542099	75.6	250	61	0	1	250	1	1461	-1	0
a6c937523f61ea40cbbbf0330d384438	2576861818	75.6	250	61	0	1	250	1	1426	-1	0
445b2b8cf4bd22ccb09cda6e7c35f659	2718218194	82.4	250	44	0	1	250	1	1490	-1	0
a6078458197bcaba05712ff95f90831d	2508501098	90.4	250	24	0	1	250	1	1406	-1	0
86b1453ea8848aa97daf8cf4d5a2adc5	2512047003	86.8	250	33	0	1	250	1	1429	-1	0
456218b827edc94569d9614573df0b1f	2718218033	84.8	250	37	1	1	250	1	1521	-1	0
b50bf33d57fe7dec5a0d38e0cf8e0c41	2547132518	98.8	250	3	0	1	250	1	1349	-1	0
f66170d5b8905c4eeed54f3a15b2e8ce	2528768207_cluster	99.6	250	1	0	1	250	1	1466	-1	0
1120217eec318250b7cac448d56a2bd7	2523231061	93.6	250	16	0	1	250	1	1407	-1	0
183f98475003c3d9299ab61583bbbbed	2667527393	90.8	250	23	0	1	250	1	1524	-1	0
161033e9e265ea3dde9785e77dd95772	2667527390_cluster	98.8	250	3	0	1	250	1	1519	-1	0
f80a08f408d91e9bc0179d819ead13ec	2731957971	98.0	250	5	0	1	250	1	1525	-1	0
40a55ffe7f20cababc1f9bf82b69e973	2667527490	98.4	250	1	2	1	250	1	1438	-1	0
227bc959d80c2de1d256898d1df9bb25	2547132104	88.8	250	28	0	1	250	1	1420	-1	0
197f4f395610a2d1e90afebc2e634820	640612201	74.8	250	63	0	1	250	1	1486	-1	0
389289f84dff2afce8e62d75353dbf8a	648276759	79.6	250	50	1	1	250	1	1429	-1	0
5bf6a7b5816fa2ba19058a5935700d78	2728369575	82.4	250	44	0	1	250	1	1532	-1	0
269eae8ac3127967a647cfbc2f6709fd	2593339136	82.8	250	43	0	1	250	1	1405	-1	0
56aa0e46219c7e497b5956c8160c9b03	2626542099	77.2	250	57	0	1	250	1	1461	-1	0
cbc6854983bbd6bed86d9b6f2fba685b	2512047003	97.6	250	6	0	1	250	1	1429	-1	0
4d0b0f92ad102fe34c9519de131cf706	640753034	76.8	250	55	2	1	250	1	1429	-1	0
1db9d1259c853edf490ad4467d0183f3	2751185577	86.8	250	33	0	1	250	1	1559	-1	0
d7ba8b200546ded3cee9bfe7df6e03a9	2518645527	88.4	250	29	0	1	250	1	1535	-1	0
26df2af7394f44ce203607d48860e5fb	2512047001	88.0	250	30	0	1	250	1	1429	-1	0
7430836377dc7a3cd8296fbb430504d2	2639762659	91.6	250	21	0	1	250	1	1531	-1	0
6afddeca73e19a08552d8f07518b2b33	2626541597	87.6	250	31	0	1	250	1	1454	-1	0
0dac237cbb2efb18f1dbb513235b4f8c	2751185577	86.4	250	34	0	1	250	1	1559	-1	0
a3ca6dd8bfeac9dc7ab27d234db4000d	2524614643	84.8	250	38	0	1	250	1	1420	-1	0
c6bb2830cecc037be909e3ac0716f63f	2582580522	83.2	250	42	0	1	250	1	1421	-1	0
60f637afcb941e2a203295cba20bd4d9	2558309070	94.0	250	15	0	1	250	1	1536	-1	0
7aaf252ce812ce30b1e377d936a3ec06	2600255051	100.0	250	0	0	1	250	1	1546	-1	0
2f5895fc9eff4e3f55751ead9524c2eb	2556921666	90.8	250	23	0	1	250	1	1347	-1	0
72e1dc32787857c41e3cdd02b90a1c75	642555132	71.6	250	71	0	1	250	1	1533	-1	0
45c3d9833253c909761631e379025c5e	2667527490	97.6	250	3	2	1	250	1	1438	-1	0
1d1b2b97180feee30f456ef849b5526d	2582581242	92.4	250	19	0	1	250	1	1385	-1	0
402d8223729e14342ca74439baef3e4b	647533183	92.8	250	18	0	1	250	1	1418	-1	0
2d49b59a9efdf1965537b2a1927994c7	2721755702	86.0	250	34	1	1	250	1	1535	-1	0
920def9f98813ed23be8e94a9e5ace40	2690315857	85.6	250	36	0	1	250	1	1529	-1	0
67ba82f0a8c3ae4f2e01cf8659c8b700	2503113005	99.6	250	1	0	1	250	1	1471	-1	0
46ae4a64c95539e628988ff4fb591f0c	2519899577	78.4	250	54	0	1	250	1	1538	-1	0
c1fde99d567668a34628fa424d9540d8	2595698252	99.6	250	1	0	1	250	1	1406	-1	0
eb780fa62535e3c8186bb8f4cfcd7714	2588254263	90.0	250	25	0	1	250	1	1414	-1	0
abb31f99d3dea317c0c50217d44f0e94	2744054813	84.0	250	40	0	1	250	1	1523	-1	0
034fb12f8cc99e00c86a7cbc7c79f186	2737471719	91.6	250	21	0	1	250	1	1487	-1	0
34c344bd5f0c2e009e6d546a8607a752	2504756022_cluster	99.2	250	2	0	1	250	1	1408	-1	0
afdc4251d48ead463273e2e954863736	2751185671	96.4	250	9	0	1	250	1	1531	-1	0
4875db43eb5160a513f9b29e8e5c5f80	2513237293	98.8	250	3	0	1	250	1	1415	-1	0
a2405a335caa276c5e5a99d75f0b60de	646564559	83.2	250	42	0	1	250	1	1512	-1	0
b04e241362f4555f2dc7cf3538e92e0f	649633037	79.6	250	51	0	1	250	1	1536	-1	0
19f659a7aa2bff995f6a1455cef42b28	2513237293	98.8	250	3	0	1	250	1	1415	-1	0
e3d4297ccc6920eccb7caf93078f85da	2236347002	89.2	250	27	0	1	250	1	1441	-1	0
878ad0dad2b3303950761160a449e1dd	2527291633_cluster	98.4	250	4	0	1	250	1	1421	-1	0
505177d575a210d748d6f421521f61f8	2751185673	94.0	250	15	0	1	250	1	1522	-1	0
00f45eb35cb61fcb26f7cac0e33ec752	2681812872	90.8	250	23	0	1	250	1	1517	-1	0
51a22628dba6dc7c8727e4862ff8e3a5	2517093012	72.4	250	69	0	1	250	1	1419	-1	0
069e70f32fd69ae66fbefb4b824400c4	2739367797	94.0	250	15	0	1	250	1	1536	-1	0
96c74d89e655dd6d8b60bc59528ea14d	2721755849	88.8	250	28	0	1	250	1	1489	-1	0
4daa1d044626c6adc7d0e62c69b4501e	2627853728	90.0	250	25	0	1	250	1	1496	-1	0
895f741e06043bef1d68e35c4cb1b9e2	2681812872	94.8	250	13	0	1	250	1	1517	-1	0
905d105eaa24266c4c1d9240c6f6e13d	2579779085	93.6	250	16	0	1	250	1	1510	-1	0
fca3fce491a4ef04bc3012e9d784d1ad	2619618961_cluster	100.0	250	0	0	1	250	1	1464	-1	0
2449b7741ed8401406a8f363666c535f	2681812884	94.4	250	14	0	1	250	1	1527	-1	0
abfb2ef990907ba8501b03806a6553a9	2616644810	84.4	250	39	0	1	250	1	1521	-1	0
59f30c2b05f62e00a228298cb7b2712a	2708742533	88.8	250	28	0	1	250	1	1535	-1	0
bf9c6b910f9b08bd0a261db46e491d13	2740891972	98.8	250	3	0	1	250	1	1540	-1	0
7393a378a017ea7ff698bb03ccdeb8c7	2684623013	94.0	250	15	0	1	250	1	1404	-1	0
d8d94dea8c39c1d70d265cb56f9b65d2	2617270783	90.4	250	24	0	1	250	1	1542	-1	0
138691091135a418ee289018c2a7fa16	647533251	96.4	250	9	0	1	250	1	1416	-1	0
969ffa09c2d331f6ae53764e39f2b088	2609459650	86.8	250	33	0	1	250	1	1549	-1	0
cb21463f0d6207a710ac42dccec994a8	2509276062	92.8	250	18	0	1	250	1	1407	-1	0
704f7168880595dcfa23a4e7c0a1a5d3	2509601038	88.8	250	28	0	1	250	1	1408	-1	0
cff9c29222c845b89b40c1122ec8aa27	2574179784	90.4	250	24	0	1	250	1	1413	-1	0
81563f5fe712021e7cecf951dd1c8874	2519899582	88.0	250	30	0	1	250	1	1524	-1	0
c89400be789fbb43ff716a7c24f26df8	2718217954_cluster	90.8	250	23	0	1	250	1	1557	-1	0
d09f5657899eaa9483bfdd0cbc7e38fe	2565956593	98.8	250	3	0	1	250	1	1425	-1	0
5628c4ba8b708207a5bfd9ea65138b08	640427128	77.2	250	57	0	1	250	1	1448	-1	0
02e1aaff68d645352c39278547da16ed	2509601019	87.2	250	32	0	1	250	1	1430	-1	0
261e867aba3db985e6eb295bf457a6d0	2523231059	84.0	250	40	0	1	250	1	1428	-1	0
c145db50596e0ad205402373da34dd28	2718218507	99.6	250	1	0	1	250	1	1533	-1	0
1da3a186953eb7cc88e76e0e28ba7fae	2514752028	89.2	250	27	0	1	250	1	1382	-1	0
324c019500236304a38fdff8c58a9d11	2595698203	98.8	250	3	0	1	250	1	1408	-1	0
802dbf8a35ed41e9f77bc983397363c1	2713896980	91.6	250	21	0	1	250	1	1534	-1	0
cf8057e8d8d020c77202af09bd6625f0	2708742682	84.8	250	38	0	1	250	1	1527	-1	0
3c89a0f75e247683b6073c078dbc89e4	2609459650	87.6	250	31	0	1	250	1	1549	-1	0
a204a4408201266f59b51251eb2945be	2563366535_cluster	86.8	250	33	0	1	250	1	1415	-1	0
2659951975848a16964f13c61a7b5a4d	646311948	84.4	250	39	0	1	250	1	1502	-1	0
58511c0c55cb0c7f5657d93d132d8f3c	2681812881	89.2	250	27	0	1	250	1	1546	-1	0
f5751ab2c39032be446982d818072c8c	2619619282	90.0	250	25	0	1	250	1	1555	-1	0
c1e096fd4536184f75d659ef8b9aae4f	2574179768	94.4	250	14	0	1	250	1	1416	-1	0
30baf5924c226b31f2ec62b70edf928a	648276759	84.8	250	38	0	1	250	1	1429	-1	0
979649b0750d7e4e418e22b75f0fe3fe	2524023158	81.2	250	47	0	1	250	1	1429	-1	0
900604ae49ce82ca38f6f9e168f107b3	2619619645	83.2	250	41	1	1	250	1	1521	-1	0
81f8ebd5e1d9321fe4c1ffe79d935121	2510436004	96.4	250	9	0	1	250	1	1529	-1	0
c246fec7e53ecb38b3371abf23b783d8	2593339163	92.8	250	18	0	1	250	1	1418	-1	0
28fe23b1900e83441849e86d0648e679	2737471816	81.2	250	47	0	1	250	1	1527	-1	0
fc3edfa0f4d56b2c4f13c5a050e23206	2708742725	90.0	250	25	0	1	250	1	1365	-1	0
ece0bb4294e3c3174c77f2e8ab609bca	2508501098	90.8	250	23	0	1	250	1	1406	-1	0
75aa46dda404171aff71fa4f8e26df90	2609460258	98.8	250	3	0	1	250	1	1541	-1	0
7d35230f458698a7849af9ad37fe8ed4	2609459650	88.4	250	29	0	1	250	1	1549	-1	0
ff76487855a5e48c30cd3c4c9fc3bdc0	2565956804	97.6	250	5	1	1	250	1	1397	-1	0
299bd554b23819655fb112a70f5e06c9	2751185726	99.6	250	1	0	1	250	1	1522	-1	0
bcbc6d37ddb07ab4b6beaaf3510cf647	2671180578	79.6	250	51	0	1	250	1	1556	-1	0
0f6597ba58e6294eb6586daddb2d1ecf	2654587884	91.6	250	21	0	1	250	1	1508	-1	0
584c5a498bc17f2378fee05c9a252148	2504756022_cluster	100.0	250	0	0	1	250	1	1408	-1	0
d7b88a222bcc58bb3c1c00a4a904e1f2	2228664032	100.0	250	0	0	1	250	1	1413	-1	0
5a8a455f58dd0a85487024cb3f70c4aa	2506210003	81.2	250	47	0	1	250	1	1526	-1	0
8d8ea959e75726b5635c2e334719080a	2636415880	89.6	250	26	0	1	250	1	1487	-1	0
26570981221c47da2fd1c4a348011724	2708742725	90.0	250	25	0	1	250	1	1365	-1	0
e6f06a1b12623ace2ce550836e19606e	2684622740	76.0	250	57	3	1	250	1	1448	-1	0
4fd69fbfba2dcf565a73d86f0ac5ada2	2263328040	92.8	250	18	0	1	250	1	1394	-1	0
c878bf3285d8080ba45bc4741c71c7bd	2565956804	92.0	250	19	1	1	250	1	1397	-1	0
e2bbcb09c1ab19ddb3be9d57624fa1f1	2512047001	90.8	250	23	0	1	250	1	1429	-1	0
0ce326ab6741ae7bb8a4ee640e18ca41	2519899582	98.0	250	5	0	1	250	1	1524	-1	0
667852b74355cf59cc940880c21e4b7d	2681812860_cluster	95.6	250	11	0	1	250	1	1500	-1	0
214c01e9224aa15fcbb1f66e137223a7	2609459650	86.8	250	33	0	1	250	1	1549	-1	0
76420168fe2533e4eef6943e5ce0d48d	648028023	87.2	250	32	0	1	250	1	1539	-1	0
74bf86bede186b17fc68bfeb9fa98def	2515154118	83.2	250	42	0	1	250	1	1410	-1	0
705c6bd88960eaa1a0a40cf121f4adc1	2734482799	89.2	250	27	0	1	250	1	1465	-1	0
9b2811e5cd977714f7b86b6af4c3df48	2643221773	82.4	250	44	0	1	250	1	1545	-1	0
af5e07bea6319d7351933bb37e092a67	2634166900	95.2	250	12	0	1	250	1	1520	-1	0
c7294eb95a101c03d131f22c18252631	2623621029	89.2	250	27	0	1	250	1	1553	-1	0
512ad0b8c88c92de7edc45518f81e423	2515154119	97.6	250	6	0	1	250	1	1322	-1	0
549b7ff7b3321df2081e07b6a297484e	2565956593	98.4	250	4	0	1	250	1	1425	-1	0
5249945dae38fe26628969c0da4b620c	2708742682	85.2	250	37	0	1	250	1	1527	-1	0
e58f2243cd57f48f170b915f9b191617	2609460345	95.6	250	11	0	1	250	1	1495	-1	0
ea9f12e5c66a88499f0ac3c7c7eeaac6	2547132518	98.0	250	5	0	1	250	1	1349	-1	0
00999d5496c0852dcc46bce48ca5a30d	2617270762	89.6	250	26	0	1	250	1	1489	-1	0
dc8b1eeb4f12a962d2f0ab62d7820b56	2639762659	90.8	250	23	0	1	250	1	1531	-1	0
01c67ee33c94fb67687bdee343a247d8	2503707007	90.8	250	23	0	1	250	1	1507	-1	0
2294a627cdd6012729cc5f4a431340a5	2690315754	84.4	250	39	0	1	250	1	1562	-1	0
8bb5c63a8fbd380df728dc80d5cdc92e	2703719286	77.2	250	57	0	1	250	1	1501	-1	0
b08414e6f6a5bf6b0d32048eda75023a	2739367951	96.8	250	8	0	1	250	1	1544	-1	0
0c9a02fd2091b1766315a9e92bbfa658	2595698254	82.8	250	43	0	1	250	1	1394	-1	0
51f104dfc19fd700f25f7fa8ce16dd28	2512047001	90.0	250	25	0	1	250	1	1429	-1	0
3c07c5615be8ae3da67cd5fc30af3129	2515154158	95.2	250	12	0	1	250	1	1408	-1	0
879d9f96486ac030827155f2e19010fd	2609459650	88.0	250	30	0	1	250	1	1549	-1	0
d95975409607137307d469f54e4ae18e	648276759	86.4	250	34	0	1	250	1	1429	-1	0
6f6bf7223ed05be504a2e0386419367d	2264867243	99.2	250	2	0	1	250	1	1427	-1	0
22327d05cd2bbf273f2f253c91c381d6	2541047557	79.2	250	52	0	1	250	1	1504	-1	0
80109c0ad0f7121173c8265c5bf6a38a	2582580582	87.6	250	31	0	1	250	1	1409	-1	0
bf032aeaee76297fe7ce7e96c79902b6	2512047001	90.4	250	24	0	1	250	1	1429	-1	0
1fecbaee22a7579e429900600c300095	2608642245_cluster	87.6	250	31	0	1	250	1	1543	-1	0
b651d6caf8be258c84d66f144712cce9	2597489864	96.8	250	8	0	1	250	1	1535	-1	0
4c4266ebf5308ce3588e982c54f45132	2667527490	90.0	250	22	2	1	250	1	1438	-1	0
f5211803d8f0bca8277e989170d15b84	2545824539	98.4	250	4	0	1	250	1	1354	-1	0
5dc126475f7ae514b93bbf53505fceee	2524614733	92.8	250	18	0	1	250	1	1418	-1	0
973e1182a5561a06c4cf2b5dad6602d8	2508501098	93.2	250	17	0	1	250	1	1406	-1	0
4990aee681e2515ce88b962085802a69	2519899582	86.0	250	35	0	1	250	1	1524	-1	0
a01e57c155184f992220db391ed82d35	2617270783	91.2	250	22	0	1	250	1	1542	-1	0
7ab5ac851cb41be30e5d77a9f2d2731b	2667527490	91.6	250	18	2	1	250	1	1438	-1	0
fe74b457f9344842a9fb0d3f82662f82	2512047003	100.0	250	0	0	1	250	1	1429	-1	0
cd3b083a120071c0bed46c8a1e169207	2509601001	85.6	250	36	0	1	250	1	1405	-1	0
ea99cba01844b969454c934b4da3203c	2565956804	94.0	250	14	1	1	250	1	1397	-1	0
022bec5eccba40024275df5ae002f88a	2509601019	89.2	250	27	0	1	250	1	1430	-1	0
4e64b9711007a46077ae5db43861e992	2513237365	91.6	250	21	0	1	250	1	1535	-1	0
fde330879ddef9e7e46576499906aa9d	2537562047	94.0	250	15	0	1	250	1	1539	-1	0
340e4b065bfe10b9a566357b4de90e4e	2622736503	76.4	250	59	0	1	250	1	1531	-1	0
520b62a1f9e0af2a8f5ca6c771df7ca5	2740891972	99.2	250	2	0	1	250	1	1540	-1	0
250e1fbe47fa50442e6dddf644ff5df1	2695420929	86.4	250	34	0	1	250	1	1522	-1	0
31b162b4f467f986a8e38516766240a9	2509601019	87.2	250	32	0	1	250	1	1430	-1	0
9bb6c3acd1ccc7c6ca8457981825b24a	2511231049	90.0	250	25	0	1	250	1	1406	-1	0
a0e18296ce4c40da6d57b8cffb307d8b	2541047557	78.4	250	54	0	1	250	1	1504	-1	0
cc72dcd90512c4a3c98e1da553c6e9a5	2593339277	98.4	250	4	0	1	250	1	1347	-1	0
8c39aaa6e125eae6d0cf80c6befc8fef	2524614677	88.8	250	28	0	1	250	1	1319	-1	0
4cac06f6e1d30c6e89310f5dccce64bb	2734482368	95.6	250	11	0	1	250	1	1540	-1	0
b2ff4ea0d673db4f06d2d40e987350e3	2731957971	97.6	250	6	0	1	250	1	1525	-1	0
9c4d7a23882826bb873303ae3786bc22	2739367797	94.4	250	14	0	1	250	1	1536	-1	0
390e780f267c24df1f8b738d7d62a75f	2703719286	76.4	250	59	0	1	250	1	1501	-1	0
9208222256f49f34fed50eb1667eab23	2667527393	93.6	250	16	0	1	250	1	1524	-1	0
68064dc373d19be4aa57c4ce7241bb06	2528768159	92.0	250	20	0	1	250	1	1407	-1	0
220aa8ca06ec762a3b7ec00850a9d741	2522572195	83.6	250	41	0	1	250	1	1422	-1	0
30d47e1ed3f505bb215d1b9c9bed51a7	2703719286	76.8	250	58	0	1	250	1	1501	-1	0
992c5fc2a63b062f832bd73e327f2ad6	648276673	77.2	250	56	1	1	250	1	1501	-1	0
c49d00bbf79de75086c960a02c44b018	2684623173	100.0	250	0	0	1	250	1	1533	-1	0
001f268fe6f63ad9c952ff957f12b4fe	2708742682	85.2	250	37	0	1	250	1	1527	-1	0
8f83792a364f9007ec6588dbb895d0e5	2751185681	96.0	250	10	0	1	250	1	1496	-1	0
3635bed5bdb384ef6a0f17ca7b5e6743	2681812872	91.2	250	22	0	1	250	1	1517	-1	0
238358bf3f397c5f4b9f64cd6fbb48ab	2751185681	97.6	250	6	0	1	250	1	1496	-1	0
536ba918e115cb438e224e9d98190e7f	2554235424	71.2	257	65	3	1	250	1	1439	-1	0
a365e6634d189cec5ec5a5fc433803c3	2551306655	99.6	250	1	0	1	250	1	1379	-1	0
1dcb917ff4a5ccde47ad27267a6d7076	643348531	80.4	250	49	0	1	250	1	1481	-1	0
27d258997625f4f6a8d25691ad1f4ef0	2739367797	94.8	250	13	0	1	250	1	1536	-1	0
4c5f78eeb142aa1abe9d6ad2be30f1ae	2751185708	100.0	250	0	0	1	250	1	1490	-1	0
677929eac52be081cdae08a0b9c70eb2	2700989568	100.0	250	0	0	1	250	1	1251	-1	0
94600c13a21054769c5c539ba06d1fd6	2517093043	79.6	250	50	1	1	250	1	1426	-1	0
f02ba379a84799e0e5cdd8167c68fd63	2751185661	79.7	251	50	1	1	250	1	1541	-1	0
4685cbce4ae68262030b7407aad5b267	2519899582	99.6	250	1	0	1	250	1	1524	-1	0
a21559047b7ec389e332546350352731	2619618878	68.8	250	78	0	1	250	1	1483	-1	0
2cf905fe99e5a81d47d1c316c8eb4ae7	2504756040	91.6	250	21	0	1	250	1	1415	-1	0
5a0e8aca4b0b48d5c75536866d007b3c	2609459650	97.2	250	7	0	1	250	1	1549	-1	0
0046e41f372123f46c9dec65c8499591	2654587767	86.0	250	35	0	1	250	1	1499	-1	0
3236942e96e45744336bb6d262fccd07	2515154190	98.0	250	5	0	1	250	1	1342	-1	0
b0a819e99aee1ef83601f784821817b0	647533183	94.4	250	14	0	1	250	1	1418	-1	0
6a415dee3c199e6491caf7d48a428d93	2684622615	98.4	250	4	0	1	250	1	1286	-1	0
eebc9d4e20ef6623a456b9b05959c14f	2684623253	93.2	250	16	1	1	250	1	1522	-1	0
e0321b3f2f4d5a5df5139647a1bc1d44	647533238	97.2	250	7	0	1	250	1	1343	-1	0
d8651152fa73456560b198780e1b99ae	2622736637	80.8	250	48	0	1	250	1	1533	-1	0
a9e0760d957cde241e105e06564fe040	2718217695	78.8	250	53	0	1	250	1	1523	-1	0
35e6dc7c567bc7fdc86ee099c6c797af	2751185681	96.4	250	9	0	1	250	1	1496	-1	0
f9ba8ffe34d8c3a004237e4a3a68aadd	2236347013	100.0	250	0	0	1	250	1	1341	-1	0
4994fd37558aeba8228e74043c9ad877	2609459650	88.8	250	28	0	1	250	1	1549	-1	0
4061882717c9a0dc3a2dd485e52c10f0	2700988697	98.0	250	5	0	1	250	1	1471	-1	0
3cf2f8c86f8622c4886cffccea06e34e	2671180139	85.2	250	37	0	1	250	1	1486	-1	0
fdbd90c4142efa77088dcc9d0c2cc2e8	2751185740	97.2	250	7	0	1	250	1	1525	-1	0
23c0324128443549170afc380d2f34b9	643886118	97.2	250	7	0	1	250	1	1427	-1	0
8c02358f7eb35f94dc5259b94f890bd7	2545555880_cluster	82.8	250	43	0	1	250	1	1365	-1	0
7f8fd00c48d4a9951932bdea8b02cf12	2693429926	90.0	250	25	0	1	250	1	1551	-1	0
69bcd22775dd33999837642c5fbf1a77	2515154119	96.8	250	8	0	1	250	1	1322	-1	0
a5c572c84e50194453f17944f30a1d3c	649633083	86.8	250	33	0	1	250	1	1484	-1	0
76984ca0c64a2f75efc8f7c912f07123	642555119	88.8	250	28	0	1	250	1	1534	-1	0
4730d29ad0022f895e53db98cf4aeba1	2751185634	89.6	250	26	0	1	250	1	1490	-1	0
14ce04ae839065886d4edfe67af23f2e	2508501098	91.2	250	22	0	1	250	1	1406	-1	0
6a31d091c67ac20474720e43cde36c52	2627853559	83.6	250	41	0	1	250	1	1487	-1	0
ee93889d3d7a4dbdae676b7ae4f0d2af	2512047003	87.6	250	31	0	1	250	1	1429	-1	0
3f911c9c0e903b50dfa8ef301bbd8ed5	2236661010	98.8	250	3	0	1	250	1	1360	-1	0
d84e5827e43b6e739bea264ac48bbb1a	2504756004	89.6	250	26	0	1	250	1	1501	-1	0
20fd36f7fe4bb45bdd08bcacadee8047	2634166268	89.6	250	26	0	1	250	1	1551	-1	0
60334489ccc490ba607258f17dbbd188	646311933	86.0	250	35	0	1	250	1	1536	-1	0
3810842fdcbff845709345724b71647c	2651870030	92.8	250	18	0	1	250	1	1523	-1	0
196566c9be4e13f1cd237798b29bbe19	2693429926	86.8	250	33	0	1	250	1	1551	-1	0
5f7e85d470cee486926fc92a46244f31	2236661010	96.4	250	9	0	1	250	1	1360	-1	0
4a377fe05f4e7ab548d8145994b083b7	647533251	94.4	250	14	0	1	250	1	1416	-1	0
07a3217e7b424435881cfe8888b1b072	2681812872	96.4	250	9	0	1	250	1	1517	-1	0
d75f5c50f4ecf61f192b7c7fcbaa25b5	2739367784	93.2	250	17	0	1	250	1	1530	-1	0
5bc30dee05e42a2e6d2f8467cc3722ba	2648501185	86.0	250	35	0	1	250	1	1555	-1	0
ef528090b9bf75c3b4c4dc55c0919f18	2684622615	98.8	250	3	0	1	250	1	1286	-1	0
cb8598ce4a10634a19c09f6857fb26b2	2551306126	89.6	250	26	0	1	250	1	1403	-1	0
c55c8530f3e439a29e37bc036b53e1f5	2667527490	92.0	250	17	2	1	250	1	1438	-1	0
2be486aa6917a30f7462e3e08af9d636	2609459650	87.2	250	32	0	1	250	1	1549	-1	0
a35e4899b12d81046ff1f0e972deaeea	2585427703	82.8	250	43	0	1	250	1	1492	-1	0
6cb76abeffd1c7aa43d147d544a53d1a	2639762817	90.0	250	25	0	1	250	1	1557	-1	0
20519a9b22769bf058787937f12350d1	2509601044	84.4	250	39	0	1	250	1	1431	-1	0
f1a993e167d74d8ed73d49464978935c	2228664026	100.0	250	0	0	1	250	1	1365	-1	0
e5ca6a62526eb945ca77ff63ce275428	2681812872	93.2	250	17	0	1	250	1	1517	-1	0
cbe7f62d6306f75c9baf00ef655bbf86	2713897356	88.8	250	28	0	1	250	1	1560	-1	0
7e93d04c5046bdf44881bb8f70cc81ab	2609459650	88.4	250	29	0	1	250	1	1549	-1	0
61df8b55ce1b914c8b014dc471a1751e	2236661010	96.4	250	9	0	1	250	1	1360	-1	0
2fe14f66ee1c8fde3ae5f491190f08c7	2681812872	95.2	250	12	0	1	250	1	1517	-1	0
ff86225e569e9c9fa68bb475409be613	2556921666	92.0	250	20	0	1	250	1	1347	-1	0
78ee2d0a3599458fa0329c10cd4cbd7e	2503113005	99.2	250	2	0	1	250	1	1471	-1	0
304506938a80496beaa3719fe2824594	2504756004	85.6	250	36	0	1	250	1	1501	-1	0
0e686c410dbb455668e8fb15072261ed	648276759	83.2	250	42	0	1	250	1	1429	-1	0
30635a3aa1f853811149bebf7555f2aa	2739367831	90.0	250	25	0	1	250	1	1496	-1	0
73b7939a8ef4c10ae96eadb31fd7d3ff	2651870254	100.0	250	0	0	1	250	1	1502	-1	0
9ace77f1ab489980518f70c5b939845d	2634166268	91.6	250	21	0	1	250	1	1551	-1	0
8c067ae6d8bae5c7dea0f9d9971059af	649633083	85.2	250	37	0	1	250	1	1484	-1	0
0d1be95262c48403c6c3dcba86dc61e5	2721755951	98.0	250	5	0	1	250	1	1551	-1	0
aa381b4d79913daa16f73fd24fad3310	2582580544	99.2	250	0	2	1	250	1	1399	-1	0
168b0142cdd4ee62cff88a9757b93a89	2651870280	88.4	250	5	1	1	250	1	1419	-1	0
3166c8dc9d401f144aa48e64663c6a9e	2751185584	81.6	250	46	0	1	250	1	1503	-1	0
7c5412a955714947c579cac4078ce2ec	2667527456	87.6	250	31	0	1	250	1	1538	-1	0
05567fe2d356a0678346984e0afe9910	648028028	93.6	250	16	0	1	250	1	1522	-1	0
dc2195a898918a1c662787116241b4d9	2651869684	100.0	250	0	0	1	250	1	1488	-1	0
085b1c796ca347ae219c2c59333cab53	2708742684	85.2	250	37	0	1	250	1	1524	-1	0
8752de5c0df22b36629d7a225dc38d71	2264867135_cluster	86.8	250	33	0	1	250	1	1427	-1	0
1da3761a2b9774146182b9e10838b06b	2509601019	89.6	250	26	0	1	250	1	1430	-1	0
