05f9281835817fddd06162cd69497a2d	2548877171	94.5	400	21	1	1	400	1	1408	-1	0
02905cfb87861c837dde629596d9272b	2740892325	93.8	402	21	3	1	400	1	1438	-1	0
2eff9eec4e0468fbc85114c0697b2471	651324053	92.8	400	26	3	1	400	1	1505	-1	0
16874260161ffae663b03fe881160c28	643886007	92.5	400	27	3	1	400	1	1519	-1	0
0f745823be7ec9c9375ee6db967f270f	2740892370	100.0	400	0	0	1	400	1	1264	-1	0
15ae259049cef3dfe7d56fa050105117	2574179786	90.0	400	37	3	1	400	1	1385	-1	0
14c47337e167bffd9b0d65cf408b379a	2547132153	96.5	404	10	1	1	400	1	1417	-1	0
03562a221b15ef37470e4567e112f35f	2695420317	81.6	402	65	4	1	400	1	1526	-1	0
135e1b82f2c42c47084a7b9372cf403e	2718218404	91.5	402	30	3	1	400	1	1522	-1	0
2f8b4d2e3322c949739b5fddf315ba60	2562617160	95.0	400	17	3	1	400	1	1504	-1	0
31a7b9b454cb184c41026e96e2e6cb85	642979334	91.8	400	32	1	1	400	1	1511	-1	0
320556bbd075ae18a74dbb7c05523ae8	2558860988	92.8	400	25	3	1	400	1	1281	-1	0
32f9b309709129147bddb444e3691eae	2728369339	87.0	400	51	1	1	400	1	1525	-1	0
09e01cfee9dc50f3e72fe36502e3f30a	2558860285	94.5	400	18	2	1	400	1	1479	-1	0
13cdb7fcdee7a2bd0c37f061a2ea0b9d	643886007	91.2	400	32	2	1	400	1	1519	-1	0
0a9f417017b9d859b6b6ff7dffa777ae	2548877171	94.0	400	23	1	1	400	1	1408	-1	0
0c1f332ae04eff2feee81046ce547cbf	2534681854	93.5	400	25	1	1	400	1	1511	-1	0
2f1a0a705be83c153891474cf5d55385	2718218191	87.0	400	49	3	1	400	1	1533	-1	0
0f9d10c954085f47af951a2e61925b6e	2513237267	86.5	401	51	3	1	400	1	1512	-1	0
18fdb65c68bd95585f330ba326df2e6c	2562617190	93.5	401	22	3	1	400	1	1501	-1	0
1c873d99e57f8cdc70eec4311c4223f0	2609460318	92.3	402	28	2	1	400	1	1529	-1	0
0dd0384ed8e108c73bf8adebde558329	2558860359	98.2	400	5	2	1	400	1	1501	-1	0
3bf628ed2e5c136d71034322a6a4c3ce	642979321	95.8	400	16	1	1	400	1	1491	-1	0
3afc1070bb048cd796260caa59b0c94b	2574179786	88.2	400	44	2	1	400	1	1385	-1	0
03cb13abd3f1c5444360e489460bdfb0	2718218191	90.2	400	36	3	1	400	1	1533	-1	0
3f66eef196bab372ead87e1b32ccec7b	642979334	93.0	400	27	1	1	400	1	1511	-1	0
0f92f20da13248740b3992c29fffb4c6	2582581271	89.2	400	38	5	1	400	1	1341	-1	0
3ff4663fc9ffee6b0dabc95413b9bef2	2695420317	81.1	402	67	4	1	400	1	1526	-1	0
1451bd7efb93408db163a522271d5aa9	2562617095	90.3	401	34	3	1	400	1	1488	-1	0
1a846b7049cd2104eea9dd53ec3ab87f	648861001	99.0	400	1	3	1	400	1	1506	-1	0
1d2b6a2f1bfd2ac817bec46bf6adb050	2513237313	91.0	401	33	3	1	400	1	1512	-1	0
44a872f41c8304d81a71bdf0804c44ea	2563367161	91.5	400	33	1	1	400	1	1510	-1	0
451f84e74920f9538e9fe1c88f056fe2	2721755613	94.2	400	19	2	1	400	1	1517	-1	0
470369e57b6898494b053ac957056286	2585428085	92.0	400	28	2	1	400	1	1392	-1	0
0cfa2c50545da105cedc9bc29cc02c0f	2534681605	99.5	400	0	2	1	400	1	1513	-1	0
08a1557f5786eb52f65446b639acd311	2648501315	93.5	402	22	3	1	400	1	1519	-1	0
196cdd6ffc95ad8f33c104875beb1fe6	2545555854	83.3	401	64	3	1	400	1	1419	-1	0
473dfac2670d55534bda3b0a4c5a402e	643886112	91.0	400	33	3	1	400	1	1503	-1	0
2373f81362766bd0347833b296abd5b0	2740892381	92.8	400	25	2	1	400	1	1518	-1	0
472a1cd4ec75be73431b7843534c1f9d	2529292932	86.5	400	51	3	1	400	1	1512	-1	0
09624df9762b00daf0a57b7e20536a6e	2718218191	90.0	400	37	3	1	400	1	1533	-1	0
487f2b203ebab58a76db022360deea51	2718218191	88.0	400	45	3	1	400	1	1533	-1	0
26f44a5b2685c188f28ddd144e643423	2600255042	91.8	400	31	2	1	400	1	1518	-1	0
1bedd0a40af7749a6f3a81e2ac7e9bf1	643886197	91.5	400	33	1	1	400	1	1514	-1	0
4aef284d733eede0dbe83df1c926abc9	2585428085	93.5	400	22	2	1	400	1	1392	-1	0
1b4092e9a00f87f951930dc576b55164	2724679431	92.2	400	29	2	1	400	1	1500	-1	0
4bb9dc1dff61fac0b4e1aad8a5a40088	2513237267	83.3	401	64	3	1	400	1	1512	-1	0
4af6b7480dacaad7d55259b06e8d8e40	2562617194	92.8	400	27	2	1	400	1	1408	-1	0
140dbee0860b80c6b3a86816d06dd24c	2627853915	79.3	401	78	3	1	400	1	1522	-1	0
4b5c7d7b92f73fd94f3848ac5c67c5d3	2562617160	94.8	400	18	3	1	400	1	1504	-1	0
211c2b0c8990f2b7e05e80ad91bebc3c	642979334	93.2	400	26	1	1	400	1	1511	-1	0
4c8c0a4658182b0f43db3ee047fe8d02	2597490300	88.5	400	42	3	1	400	1	1440	-1	0
0b01d32da27a11ca2ec84085c55b1185	2547132133	97.2	400	10	1	1	400	1	1414	-1	0
4e9492ab9256ed01cfe4b38cd67fb1ac	2562617160	94.8	400	19	2	1	400	1	1504	-1	0
52af74b390c1b72b87c7b61aba8e1e18	2596583548	98.5	400	6	0	1	400	1	1280	-1	0
520122a854aed2771cd559e88a7e6b5e	2548876979	95.0	400	18	2	1	400	1	1320	-1	0
4d39e69ad8cd54bcac459f6e4a3fc8eb	651324049	98.5	401	3	3	1	400	1	1502	-1	0
5126d78350bfdb6ac94c717afab2e0ad	2558860278	90.2	400	34	2	1	400	1	1333	-1	0
246f6590e2c67c86682d7b1b099c3b31	2648501315	94.0	402	20	3	1	400	1	1519	-1	0
2a9a6f44cede8508e9c4a17f516d019b	649989958_cluster	90.2	400	37	2	1	400	1	1503	-1	0
55dc1dad0aa1b3cef32c18cb5d169807	2585428085	95.0	400	16	2	1	400	1	1392	-1	0
570d10eebe384a7b0a317bc5a1c9ea81	2513237360	90.5	401	35	3	1	400	1	1399	-1	0
5582092e75cd5a3468fc2d3504dd4aea	2724678952	100.0	400	0	0	1	400	1	1253	-1	0
2739f33f107fdadcbd158c7759dab451	2718218191	92.0	400	29	3	1	400	1	1533	-1	0
5863d6c070b67d0e6ffb55895910f3f8	2541046997	99.5	400	0	2	1	400	1	1500	-1	0
1b8a396d30120ee43293baba8e6b2d81	2718218191	89.8	400	38	3	1	400	1	1533	-1	0
109a6818a0a205a750bf655bc6d55f55	2718218191	92.8	400	26	3	1	400	1	1533	-1	0
5d6e4dafeb67864a6e171a06d34b9b4f	2585427817	95.2	400	17	2	1	400	1	1396	-1	0
5c633dbaffab1682f593c99ab2bb9ab7	649989958_cluster	89.5	400	40	1	1	400	1	1503	-1	0
5d94cbf4615e6aa34cc38d8d5000c49f	647533114	97.5	400	9	1	1	400	1	1414	-1	0
5d42a48e854ff84ef9739455e459b417	643886007	96.0	401	12	4	1	400	1	1519	-1	0
624bf6eddcfc434ea2bf9ace26f8f82d	2574180217_cluster	83.8	400	63	2	1	400	1	1528	-1	0
63173470ffea3c51b9c5cdc2a0466a6f	2514885002	92.5	400	27	1	1	400	1	1393	-1	0
64fea6cb41458c19b985b7b5b7316b72	2571042013	96.5	400	10	2	1	400	1	1389	-1	0
6346d098e4052c3155d5af16166adf34	644736366	94.0	400	19	3	1	400	1	1501	-1	0
64422c542e9c0359c2bd468f70a8cbdb	2562617183	90.8	400	34	3	1	400	1	1502	-1	0
64e1dde1198ac0ad86930d4c14562eca	2510461053	87.2	400	48	2	1	400	1	1497	-1	0
666e47b84a1f61c820fe4adf8908de4f	2585428085	94.0	400	20	2	1	400	1	1392	-1	0
181be56ed7d3fcfd9b28ca58efbec798	2718218191	90.5	400	35	3	1	400	1	1533	-1	0
68338677fe82073e2d96a5a176e29315	2548876979	94.8	400	19	2	1	400	1	1320	-1	0
69c1ae3c165a9933bf347cef3669cef1	2571042013	97.2	400	7	2	1	400	1	1389	-1	0
6a742eeb70f03ca5d90cca2d891b15fb	2562617079	93.8	400	23	2	1	400	1	1489	-1	0
6be398e925c77ef076af541a5ecc9477	2507262051	87.2	400	47	3	1	400	1	1350	-1	0
70198bd108c4b580c7168784d3943f82	2718218191	89.0	400	40	4	1	400	1	1533	-1	0
6cbc727426d2210b42891c165455c33f	2509276067	86.2	400	52	3	1	400	1	1415	-1	0
6f7cd29ae94e566630826fd1fd2ce38c	642979334	92.0	400	31	1	1	400	1	1511	-1	0
6e3e9b3a24d73abbdf86ab421b25f20d	2562617079	91.5	400	32	2	1	400	1	1489	-1	0
7366f8855fdb433a570b1e5d782666ff	2706794656	92.0	400	29	3	1	400	1	1520	-1	0
7032ae72ceaa7f1aed1f4c3293fbf6f8	2718218191	89.2	400	38	3	1	400	1	1533	-1	0
71859f551929f20521701885368f0d63	2706794656	93.0	400	25	3	1	400	1	1520	-1	0
74e0fbe12e986d95e8dea631aec0dcbc	2648501315	93.0	402	24	3	1	400	1	1519	-1	0
7801df35de63a76ecdea91935f5e0ee3	2513237313	89.0	401	41	3	1	400	1	1512	-1	0
6dd59ac353c47fdd99178cb70895ff0e	2636415718	86.8	401	50	3	1	400	1	1403	-1	0
79078d78d11ce4775fe1864516346d41	2509276067	86.0	400	53	3	1	400	1	1415	-1	0
78f5c88ef42aa013fa5dedad29d8da9c	2585428085	93.2	400	23	2	1	400	1	1392	-1	0
7a61326dfe102e5cfb6b7de9e1c130db	644736367	94.8	400	19	2	1	400	1	1504	-1	0
76e0805284f0116ad5f49f9330bd578d	2706794656	93.5	400	23	3	1	400	1	1520	-1	0
7bc02d44428d168b07af0e7bedd55923	2706794656	93.8	400	22	3	1	400	1	1520	-1	0
762b104a33b8d68f33b21f4debe68d22	2540341191	99.5	400	0	2	1	400	1	1405	-1	0
208a503c96cf93eb399417ed4d85f56d	2718218191	88.8	400	42	3	1	400	1	1533	-1	0
283531ccf7c05e2789d43f9d2c9f2755	2651869761	95.0	400	19	1	1	400	1	1528	-1	0
2cde99e9d706ced46fc0f3bfcc029b8a	2522125098	99.0	400	4	0	1	400	1	1424	-1	0
7df439ac327b366b57514bb939f7d2a0	2574179869	99.5	400	1	1	1	400	1	1395	-1	0
1ac3fdf73b36545378dc01d3e0b22e31	2671181049_cluster	99.8	400	0	1	1	400	1	1527	-1	0
81c07f6151a7ce6f1b93b6a9c3f12e4f	2513237313	91.3	401	32	3	1	400	1	1512	-1	0
81d3737b535c05263e1089b035c9e9a3	2541046992	96.8	400	12	1	1	400	1	1509	-1	0
804db1ae3454f9c177d20f28236318c5	651324083	83.2	405	57	4	1	400	1	1513	-1	0
8187b931af42830cf83170c233bc082c	644736366	91.0	400	33	3	1	400	1	1501	-1	0
8226de7ca05385437e9f1473732fca4c	2579778830	100.0	400	0	0	1	400	1	1317	-1	0
7f68c0fe135c3026856dab3e44f49dde	2597490368	92.0	400	29	2	1	400	1	1428	-1	0
1d8966c86b0d80d3aa698e10ed765d39	2556921667	92.2	400	30	1	1	400	1	1412	-1	0
7db9b4e1d7daf8aaef8f9218ee540385	2562617146	99.0	400	3	1	1	400	1	1489	-1	0
82b8d56888d57e2c82d1bfe625ec9c64	643886206	91.0	400	33	2	1	400	1	1496	-1	0
224a42f09ea303712827f65e946c997c	642791604	93.5	400	24	2	1	400	1	1504	-1	0
82f8255713da509064047c544d13cc15	2510461053	88.0	400	45	2	1	400	1	1497	-1	0
84f7e52dfd143537e230802c06d1396f	2571042013	98.5	400	2	2	1	400	1	1389	-1	0
8686a71cd2b6dd376879b2a6c530805b	2639762917	90.8	400	36	1	1	400	1	1526	-1	0
8897686a86a0b3d70b65ace418bc5737	2600255111	90.2	400	38	1	1	400	1	1530	-1	0
88833eb4d3211a1fc3fc643291a222ee	2571042013	95.5	400	14	2	1	400	1	1389	-1	0
86db0f0e6da798ae87db1fca9d5324c5	2514885002	95.0	400	17	1	1	400	1	1393	-1	0
8736cccf061e19122ba800edba0ed2b4	2667527550	93.5	400	22	2	1	400	1	1516	-1	0
88a4e531eaf61eb70a4943a382c10778	2706794656	93.8	400	22	3	1	400	1	1520	-1	0
8967f4e6931a428fbb6a4d9706ff7c6a	644736366	93.8	400	20	3	1	400	1	1501	-1	0
89b1fab028bf0a027f7beb01e4e074e8	2513237313	89.0	401	41	3	1	400	1	1512	-1	0
8a7be489bcb6c5617d9e27fd88ec2991	2706794656	92.8	400	26	3	1	400	1	1520	-1	0
8b343bfdcd76d8bce41a270568641c3f	640753039	99.5	400	0	2	1	400	1	1485	-1	0
8b83bae8a2fd030dff8791c008650b01	2700989328	95.5	400	17	1	1	400	1	1528	-1	0
8fee52573ed71b9dd0147baf468675c6	641736205	96.5	400	13	1	1	400	1	1511	-1	0
94f55a11081f7064fb965996f4f5b21e	648861001	83.5	400	63	3	1	400	1	1506	-1	0
9488a86d76c2e570b5fe6c3710bd08a1	2562617142	97.2	400	10	1	1	400	1	1281	-1	0
968aae7dd4071904534e2ad6cdaef441	651324055	99.5	400	0	2	1	400	1	1500	-1	0
96945dbf9bd2198c12083c29f5189947	2623620486	92.0	400	30	2	1	400	1	1520	-1	0
996e8296201ee1c1ff995ca5a5fa2e9a	643886197	91.8	400	32	1	1	400	1	1514	-1	0
998e2c17c0ef1398a5c3b23a71816911	644736367	95.2	400	17	2	1	400	1	1504	-1	0
9b54ed4d8aa6a2c42a6cdb15887de283	2517572002	99.5	400	0	2	1	400	1	1412	-1	0
9bdd07f3cd0f3b4513891137b7ffe6b1	644736366	93.5	400	21	3	1	400	1	1501	-1	0
9b71f01c342c7e257b923fa04bca6678	2503754051	99.8	400	0	1	1	400	1	1414	-1	0
9baba816cfc17fafbf72b4ac27ce5cca	2576861570	90.8	400	32	3	1	400	1	1498	-1	0
9dcc3ab80b30ae5b58d4f6b45789d3a0	642791613	89.0	400	43	1	1	400	1	1512	-1	0
9c689d774512912eb7e6f7ab11f6fd01	2537561731	87.2	400	45	2	1	400	1	1498	-1	0
9aeb764b8f12cb64bc6f9421bf8893e9	2548876979	94.2	400	21	2	1	400	1	1320	-1	0
9f15de0b999a49a255ed75a2f74f9952	2636415718	90.5	400	35	3	1	400	1	1403	-1	0
9e000f34fdc84f942e09f176883a6ff8	2548876979	94.0	400	22	2	1	400	1	1320	-1	0
a080915e4f418fe88518a6f987d2ce43	2627853915	79.6	401	75	3	1	400	1	1522	-1	0
a18e066d8aedb17aea29474eaabc65f1	2700989328	95.5	400	17	1	1	400	1	1528	-1	0
a1c5ce63c91f2124e30da1b10b38f9c2	2585428085	93.8	400	21	2	1	400	1	1392	-1	0
a246c3e72fac951cf93cd522fd28aa62	2562617095	97.8	400	5	2	1	400	1	1488	-1	0
a285d626cce159ee70220b2acbb891fa	2718218191	89.8	400	37	4	1	400	1	1533	-1	0
a3520b0e41260e04dcc8fde17b605eac	2718218191	88.2	400	44	3	1	400	1	1533	-1	0
a410184ba8e734dec258b98a2fc7ce8e	2548876979	94.5	400	20	2	1	400	1	1320	-1	0
a549ea4b96d7f1f281456f3db1601314	2534682209	84.6	402	58	3	1	400	1	1507	-1	0
a4d663e5e8db237030daf492422b675b	2600255156	90.5	400	36	2	1	400	1	1515	-1	0
a5b448d1a2d37f13a491d4d486ff2dcd	647533113	99.8	400	0	1	1	400	1	1415	-1	0
2c6a24c3807e2e791a5b3c7545379e27	645951834	91.8	400	28	4	1	400	1	1511	-1	0
2d6e3c76ab8ba4758e65975f93bd3e4b	650377966	90.8	400	33	2	1	400	1	1393	-1	0
a550d2a2e9e6f67eaec0b0e09865fa20	651324049	98.8	401	2	3	1	400	1	1502	-1	0
a634f4572c0b4a3711389803b7b8cfd6	2513237344	97.2	400	9	2	1	400	1	1493	-1	0
a6f3c616b2e2fd2cb333a124e4645528	2541046992	97.0	400	11	1	1	400	1	1509	-1	0
a7ca9e471ca932e404b1c221982ec56c	649633078	93.8	401	22	3	1	400	1	1504	-1	0
a8a83087fa272d20a97a59ef6c59d25a	2602041616	94.0	400	20	2	1	400	1	1382	-1	0
aa66631ae51f59cfd6f8e91e3a2aeae8	2547132124	99.8	400	0	1	1	400	1	1414	-1	0
ad8708fa7b76d603a790ef0cadcbc484	2548876979	94.5	400	20	2	1	400	1	1320	-1	0
ad8023153bce55a37622012cf31ee148	2751185707	96.2	400	13	2	1	400	1	1505	-1	0
b0c73acc9ae5b0eb1f7b907233d0c5ff	2636415718	87.0	401	49	3	1	400	1	1403	-1	0
348154fd78e7a22b5d84331bab905bb7	2513237267	88.8	401	40	4	1	400	1	1512	-1	0
b08ca465656afea6bded270eb9808cee	2513237267	86.8	401	50	3	1	400	1	1512	-1	0
27665c76dc0aeef276b1985d299fe59d	648276621	89.6	402	37	4	1	400	1	1459	-1	0
af1a1db5f5adeb99d52f9bbcf2bd6e03	2600255148	89.5	400	38	4	1	400	1	1518	-1	0
b212c7dc01ba7bd7df32e44cfcca9b4d	2597490368	91.8	400	30	2	1	400	1	1428	-1	0
b214c3ae71cc299dca9b6c6f711c33c4	2509601041	96.0	400	15	1	1	400	1	1394	-1	0
2e99a6d0cea459750ac4e3a5b1ccb114	2593339157	92.8	400	27	2	1	400	1	1396	-1	0
b42234e02ec82f923068dd4831fb849b	2511231128	94.8	400	18	2	1	400	1	1513	-1	0
3573933132ba956164dd6c7682625a85	2636415718	90.5	400	35	3	1	400	1	1403	-1	0
b9f2f20cffc019b251f641461e976380	2718218191	89.0	400	41	2	1	400	1	1533	-1	0
b566b7fe05a6c1d5ebda5974f31ea859	651324053	93.8	400	22	3	1	400	1	1505	-1	0
b929089546dfc9021311a3572d3bb44a	2562617160	95.2	400	17	2	1	400	1	1504	-1	0
355c84739843c873b1da048b82087885	2588253904	87.8	400	47	1	1	400	1	1507	-1	0
30d9f16b9264d2152130cc9920e6a449	649989983	93.8	400	23	2	1	400	1	1545	-1	0
2d078d69d37aa0a77470296b471d4cd8	2568526154	86.2	400	53	2	1	400	1	1525	-1	0
bac85f511e578b92b4a16264719bdb2d	2718218191	89.5	400	39	3	1	400	1	1533	-1	0
bbba9c9c46d45f1105e6a161e11eb314	2574179786	91.5	400	31	2	1	400	1	1385	-1	0
332db602cfdf8562fcef24c04e0e3a6d	647533113	91.8	402	30	2	1	400	1	1415	-1	0
bdf1aca24a834355632f558ac7b5972a	2648501315	93.0	402	24	3	1	400	1	1519	-1	0
c0b7bfcccd8188b97db40ee30e0d4b45	651324083	84.0	405	54	4	1	400	1	1513	-1	0
c25f05b2068b666eb0f0f0a1038a2e79	2690315905	99.2	400	1	2	1	400	1	1519	-1	0
c3ca0b25198dbab910197d0df487b246	651324052	95.0	400	18	2	1	400	1	1500	-1	0
31942031924e9cdf62b98b80f65e3997	2509276067	87.0	400	49	3	1	400	1	1415	-1	0
4018de0681aa13dfb74ea5fec706305c	2507262051	88.2	400	43	3	1	400	1	1350	-1	0
c44f1ae39880b74675a7c6dad5604526	2513237313	88.8	402	41	4	1	400	1	1512	-1	0
c48700c02efa1cbdf5b84d5b8ad605d9	2562617146	99.5	400	1	1	1	400	1	1489	-1	0
3303fee8aedb0d988f16a93eacdde94f	2509276067	89.0	400	40	3	1	400	1	1415	-1	0
c56a316de77350182b82523c77518cab	2585428085	92.5	400	26	2	1	400	1	1392	-1	0
3355d51c8b369803486951c874518eb0	2718218191	92.8	400	26	3	1	400	1	1533	-1	0
c62c7ffc0133a398d3a39575346f64cf	2558860359	92.2	400	29	2	1	400	1	1501	-1	0
2ed7d9a2de415dafd98b44a7f9ab451c	2600255156	90.8	400	35	2	1	400	1	1515	-1	0
c71600fce0593a6a9336b4c4ba6ef302	2695420317	81.6	402	65	4	1	400	1	1526	-1	0
c7f2afab4654351ab189eafb9572c0b2	2516493028	96.5	400	7	3	1	400	1	1401	-1	0
cb462c1cddb8ee451ba3cc3ffa58e3ee	2568526154	86.2	400	53	2	1	400	1	1525	-1	0
cda94bdad810518f842fb0673ed2cd40	651324052	99.5	400	0	2	1	400	1	1500	-1	0
cd452b5c297b11ff1597f6471671f069	2718218191	87.0	400	49	2	1	400	1	1533	-1	0
cd2b2ca8d7a2d436919ad2944d9c29f3	2619619241	96.2	400	15	0	1	400	1	1520	-1	0
cc17aab1e9a87191cc145730b6899815	2728369350	92.2	400	28	3	1	400	1	1520	-1	0
ceae01167bab5460bfbb8de31daffe4b	2585428085	92.5	400	26	2	1	400	1	1392	-1	0
cf299eed5f42ab459a68ee3ddb4c7c5a	2751185687	89.5	400	40	2	1	400	1	1515	-1	0
ce9a3f150fba9ed690c458f4ba9fbbf0	647533113	91.3	402	32	2	1	400	1	1415	-1	0
cf987d2828ba4c8a3f567b96dc75822f	2654588127	94.2	400	19	3	1	400	1	1421	-1	0
d531d4d4be2d6000be0bda256fd7a64a	2579778661	99.2	380	3	0	1	400	1	1263	-1	0
d7ca07d8481330bb371d5eb528617766	2599185205	83.5	400	63	2	1	400	1	1350	-1	0
3e4eb72c270d1983deb14a404bc18da5	2576861570	92.0	400	26	3	1	400	1	1498	-1	0
d8121ea45fa384897eebf37d32a4b050	651324083	83.5	405	56	4	1	400	1	1513	-1	0
3a43e2dc4a0a4959a3979906bbfe56d3	642979334	92.2	400	30	1	1	400	1	1511	-1	0
d36986f2c542b4c120cf3cc7557cf7f7	2706794656	93.5	400	23	3	1	400	1	1520	-1	0
d84bd0f9e7e0eb28333952f9e3780b08	2751185707	96.5	400	12	2	1	400	1	1505	-1	0
32eca0dbbb4bf4f50c36c3f381316aeb	2563367163	82.5	400	69	1	1	400	1	1513	-1	0
d53f841b7223229d3456074a8c3b5f6f	2507262051	86.0	400	53	2	1	400	1	1350	-1	0
3929b09a630a551c5459a9392e985547	642791613	89.5	400	41	1	1	400	1	1512	-1	0
41e6587ef98199accf051392611ea5e7	2718218191	89.0	400	41	2	1	400	1	1533	-1	0
3644bd60d2c778b423b1fcac4f15a0b0	2619619206	89.0	400	42	1	1	400	1	1532	-1	0
40358369e7a30201da3840194e78001a	2600255157	89.3	401	40	3	1	400	1	1543	-1	0
3e43b3ad6588581df6fddebba0e3e9c9	2675903629	96.2	400	12	2	1	400	1	1370	-1	0
3fee3892ec3540970ddeadc9edbee00f	643886112	91.2	400	32	3	1	400	1	1503	-1	0
37c1382ca78cbfd1d91b5fa6e06bbeae	2718218191	88.5	400	42	3	1	400	1	1533	-1	0
4873bf6bae752423d744671a5e332924	643886197	91.5	400	33	1	1	400	1	1514	-1	0
db58ca954088eaca3f7eeced1039419c	2700989293	99.2	400	1	2	1	400	1	1523	-1	0
da22aaaec5b76093be71612bec0e1fc6	2548876979	94.8	400	19	2	1	400	1	1320	-1	0
dbf596eb32d7f1a7c43878ece4b7655a	647533113	91.3	402	31	3	1	400	1	1415	-1	0
e2102daa6bd3a5e101c13ab4cc2bd9d3	2563367172	90.2	400	34	3	1	400	1	1490	-1	0
e238145ce40346e6b393ad7549923f81	2739367553	90.5	400	33	4	1	400	1	1505	-1	0
e3543f7d32b52b8dc41b7cb04948d9d8	647533113	91.3	402	32	2	1	400	1	1415	-1	0
e24af6024c93b29b8cec5c19482ec25d	647533113	91.5	402	31	2	1	400	1	1415	-1	0
e3877809f28e674b7f6196c35a19ece6	647533114	99.8	400	0	1	1	400	1	1414	-1	0
57caf43f047bed6e3ff2d9b9eee07eb0	2524614798	82.3	402	61	3	1	400	1	1363	-1	0
49f8788910b2734c43e9796db84c3e59	2528768167	94.0	400	20	2	1	400	1	1394	-1	0
3e2ee157e228fbd4c07b95f978c8bcde	2636415718	91.0	400	34	2	1	400	1	1403	-1	0
e42ff259bfac3ea4219332baee0871a4	2740892381	94.2	400	19	2	1	400	1	1518	-1	0
e4b6eff96ace1c8ec40abea983350152	651324052	94.8	400	19	2	1	400	1	1500	-1	0
e58c452a2a45bc15d1a4d6b3e0d31ebc	644736367	86.8	401	50	3	1	400	1	1504	-1	0
e68c784e5312c5437c9210894dd5cbf8	2718218191	90.5	400	35	3	1	400	1	1533	-1	0
66050d4234ce83d342cc095f8076079a	2513237267	83.5	401	63	3	1	400	1	1512	-1	0
e9643416c8928b4051300d0b9c1ee217	2562617183	91.2	400	32	3	1	400	1	1502	-1	0
3a9074d047a72742bc1216a918e467aa	2706794656	92.5	400	27	3	1	400	1	1520	-1	0
ea787dd61c344f87301e93c16cb1f2c0	2513237313	86.6	402	47	5	1	400	1	1512	-1	0
ef14970181996842d1eb3a13737a9edb	2718218191	88.5	400	43	3	1	400	1	1533	-1	0
f0062076fedb3d8455d2613ebd4a9124	2609460318	92.3	402	28	2	1	400	1	1529	-1	0
e88fba67df8cfb9f0c0ebddbb5e13d0d	651324054	99.5	400	0	2	1	400	1	1506	-1	0
f17aadb26afb1cf6a705805ff932d935	2718218191	87.0	400	49	3	1	400	1	1533	-1	0
47c7c9c1e4650b9d6bca8f1f5fff025f	2548877171	94.2	400	22	1	1	400	1	1408	-1	0
f5792adc15563e89f5d0c726c5a5f874	2706794656	95.0	400	17	2	1	400	1	1520	-1	0
790e8887280330769e1d36bf8c074e36	2526164513	80.4	403	71	4	1	400	1	1353	-1	0
4e3f3445f87c50ae2e0665e89d135b44	2513237313	91.0	401	33	3	1	400	1	1512	-1	0
745ba25378f4dc6d72ea74d4e3562ca0	2636416126	87.3	403	45	5	1	400	1	1554	-1	0
53a2ea531226325735c84d4ba8e95030	2513237313	89.0	401	41	3	1	400	1	1512	-1	0
f8672c9a2e0b4cca4ee9356fa6fe0c8d	2510461053	88.8	400	41	3	1	400	1	1497	-1	0
6da4ec805be7feb9835ba2534c6dac19	2718218191	86.8	400	50	2	1	400	1	1533	-1	0
f961c22eb0b63602b40b4134112145b9	2667527550	95.8	400	13	2	1	400	1	1516	-1	0
f624fb5d332d17f6436a8a98d06be1aa	2585428085	93.2	400	23	2	1	400	1	1392	-1	0
fad44b9e8803f8b07ca562037858374d	2534682209	83.2	400	65	2	1	400	1	1507	-1	0
fa28904c92a07bcbcb34806ba797789f	2507262051	87.9	404	37	4	1	400	1	1350	-1	0
d10fa00df9e6cab6efd054e762439834	2718218191	92.5	400	27	3	1	400	1	1533	-1	0
5142106ce0ccd28020b13b4a3f6457a2	2529292932	89.2	400	40	3	1	400	1	1512	-1	0
6aadda42b5fbc90d10f151eb6d702bec	2627853915	80.6	402	69	4	1	400	1	1522	-1	0
6d2ee8d20fe27ddcefbcdb501a4bd599	2513237322	90.2	400	37	2	1	400	1	1535	-1	0
3f33d4a98ce8df4742a3ed40a1db9241	2724679431	91.5	400	32	2	1	400	1	1500	-1	0
fb337d124b83ea3d3a1a412cc441a77c	2513237313	91.0	401	33	3	1	400	1	1512	-1	0
fc72d6433952bdcfab2b357f4198bc2e	2515154074	99.2	400	2	1	1	400	1	1410	-1	0
7d2218f0ed57789af03d95cc6789f48b	2513237267	83.3	401	64	3	1	400	1	1512	-1	0
4ab5c65a381bd29040c3cb3e620c1e61	2507149024	83.8	402	61	2	1	400	1	1439	-1	0
feab23adead1ecdd465a0e900f45132f	2537561756	99.8	400	0	1	1	400	1	1510	-1	0
7c38af56b64c08ce073b12bbe04a85cd	2513237313	91.3	402	30	4	1	400	1	1512	-1	0
850035625eefbe434690492816de236b	2619618999	88.8	400	41	4	1	400	1	1518	-1	0
9970e903a59f69d49d2bf85c3f384321	2718218191	90.5	400	35	3	1	400	1	1533	-1	0
69ec8f3f01fb1b23d10607c9430f8416	2675903629	98.0	400	6	1	1	400	1	1370	-1	0
8e1f2777d6d868fcae92a0d430f1223c	2596583626	99.2	400	1	2	1	400	1	1283	-1	0
932e1e36f7d27616b33bc7049f7c5a64	2654587740	83.0	400	65	3	1	400	1	1510	-1	0
6d987c5722a5b79cebdabc4ff59a22fe	2718218191	87.2	400	48	3	1	400	1	1533	-1	0
61150a991529199fb6cc28977af6feac	2509276067	89.2	400	40	3	1	400	1	1415	-1	0
657054d8935546bc608c3e3f4b35e613	2513237267	87.3	401	48	3	1	400	1	1512	-1	0
9630089060380604eb138bc4238d89f2	2548876508_cluster	100.0	400	0	0	1	400	1	1417	-1	0
7401af1a386cf23899f54cea0ec97706	2513237275	95.2	400	17	2	1	400	1	1421	-1	0
aba890fed39d851ff3678d4204c2bd6d	2513237267	87.3	401	48	3	1	400	1	1512	-1	0
a13ad885cd2dfa33cb3c9e3d62369502	643886197	91.5	400	33	1	1	400	1	1514	-1	0
56a15399c13fbad3080b311884ad8aaa	2509276067	87.0	400	49	3	1	400	1	1415	-1	0
ae7bbdb605f3d77a528964ee3d1f108c	2574179786	90.1	403	31	2	1	400	1	1385	-1	0
abd9471907d3098c90ed78ea95f28cae	2654587740	83.2	400	64	3	1	400	1	1510	-1	0
922a612c161bd34969965e0e6821e73c	2509276067	89.0	400	40	3	1	400	1	1415	-1	0
5b55339f4530268bafb63475f3511ca8	642555104	94.5	400	21	1	1	400	1	1501	-1	0
42bd6e4fe410a5281cb01da476e32496	649989983	96.8	400	11	2	1	400	1	1545	-1	0
b3f27582e4517839941c21d2a42b4712	2718218191	89.0	400	41	2	1	400	1	1533	-1	0
9755486b3e5c0d887ea551f6fbe47612	2751185597	87.5	400	49	1	1	400	1	1520	-1	0
399e82fac361f911fd2591f94c2c5915	2513237267	83.3	401	64	3	1	400	1	1512	-1	0
4e3b29befd41d984aedcbeb5e4caeb8e	2585428091	90.2	400	36	2	1	400	1	1369	-1	0
c97e7aba05e3f1e463a6e7942c7520e2	2602041616	92.0	400	29	3	1	400	1	1382	-1	0
bcb67d79e1fd3430756d0736f965e008	2593339217	90.8	400	33	2	1	400	1	1390	-1	0
d4dd6919c8b4c8adf957bede93db51a0	2721755767	93.8	400	24	1	1	400	1	1513	-1	0
88b512b15c5bcbde5c2479837579cf94	2593339211	87.8	400	47	2	1	400	1	1330	-1	0
9a9a948f5322b7d699651649bb3987f9	2654587740	83.0	400	65	3	1	400	1	1510	-1	0
dd8f628eec68e9e30f9f31ae3206e83a	2718218191	91.3	401	32	3	1	400	1	1533	-1	0
834493be278898da8327125fe467fb31	2551306563	91.8	400	29	2	1	400	1	1396	-1	0
b7f9aa043c9395cc88f41092736d11f9	2718218191	91.5	400	31	3	1	400	1	1533	-1	0
75aec825c8a0817b904344b36fd7e072	2718218191	89.0	400	41	3	1	400	1	1533	-1	0
7adf35d9395f36137bb072b46ffaaab7	649989983	96.5	400	12	2	1	400	1	1545	-1	0
c494bc4cf6a28636dce4c471c364cf85	2721755767	94.2	400	22	1	1	400	1	1513	-1	0
68dd797b736e425092051f12a7db1603	2718218191	83.0	400	62	3	1	400	1	1533	-1	0
ca38547ae60b345e2617e6cf155eb880	2574179869	98.2	400	7	0	1	400	1	1395	-1	0
ca929e7d94055a2d08de8b34a892cb44	2548877171	94.0	400	23	1	1	400	1	1408	-1	0
b63bbbdc3ceb8f54b8107b2a9d46fd74	2600255096	81.5	401	70	3	1	400	1	1547	-1	0
d4808160f2f68dbcf3bb698dcd076ad1	2528768184	97.0	400	12	0	1	400	1	1381	-1	0
bbb3b2b1ccf0b176f727075abf108ebe	2718218191	92.0	400	29	2	1	400	1	1533	-1	0
a922e2cf7a652d32934606806cb11561	2529292933	93.2	400	24	2	1	400	1	1494	-1	0
dbce8148d44c0fd7b2803c499a1f0111	2609460318	92.5	402	27	2	1	400	1	1529	-1	0
c52717a29e425cdcb36522b6fdc63f40	2585427813	87.6	402	43	3	1	400	1	1397	-1	0
bbfae42a48ad10f6c30b7d9a44e25c62	2558860359	92.8	400	27	2	1	400	1	1501	-1	0
d759465dbc91db90acce17132fcfc6ea	651324084	92.0	400	29	2	1	400	1	1522	-1	0
b0f11130981fdcbe6566a7ab744972de	643692052	97.8	400	9	0	1	400	1	1532	-1	0
e79ee6f46c851152014f72146721a4c1	649633012	89.8	400	40	1	1	400	1	1509	-1	0
fdae4a46c18c4727fe027a0fb8e57c8a	651324084	96.2	400	12	2	1	400	1	1522	-1	0
f7099ba28774366c4dc8e6d3157ba3d8	2651870363	96.8	400	10	3	1	400	1	1549	-1	0
eb1bf0ab95507ce7d2fe8ee0ba53e2bb	2513237313	90.8	401	34	3	1	400	1	1512	-1	0
fbc03f9752c986d924e9542894688841	2600255111	82.0	405	62	3	1	400	1	1530	-1	0
f602a105b60a462b771e770a782f9819	651324084	96.8	400	10	2	1	400	1	1522	-1	0
f754c9f8b07ec311205aee6490676b8d	2718218191	90.2	400	36	3	1	400	1	1533	-1	0
f4a7e17613db9b0b5616b748bf34e6dd	2595698228	95.5	400	18	0	1	400	1	1385	-1	0
c7bcf19c94cb2ce8e490229566b2ff6f	2593339211	88.0	400	46	2	1	400	1	1330	-1	0
